sample rate: 0.00390625
00000800,
	[1,1]

000008a8,
	[1,556]

00000878,
	[13,545]

000008bc,
	[2,532]

00000888,
	[3,573]

000008d0,
	[2,547]

0000087c,
	[2,554]

00000910,
	[1,19]

00000904,
	[2,557]

000008e8,
	[2,536]

00000908,
	[2,495]
	[4,20]

000008a0,
	[6,555]

00000858,
	[2,556]

000008dc,
	[6,556]

00000864,
	[4,566]

000008f8,
	[1,551]

0000089c,
	[21,477]
	[1166,31]
	[1292,3]
	[1418,4]
	[1334,3]
	[1208,1]
	[1376,1]
	[1250,3]
	[1460,2]
	[39,1]

000008c8,
	[1481,475]
	[51842,23]
	[51814,9]
	[1509,8]
	[57766,3]
	[-3293977,1]

000008f4,
	[8,510]
	[12,10]
	[2898936,1]
	[3048151,1]
	[3160752,1]

00000900,
	[1,538]

0000086c,
	[2,545]

000008b4,
	[1,547]

00000890,
	[3,534]

00000840,
	[2,18]

00000920,
	[4,1]
	[2,1]

00000918,
	[1,7]

0000082c,
	[2,10]

0000084c,
	[7,14]

00000838,
	[5,7]

0000091c,
	[2,4]

00000938,
	[3,1]

00000850,
	[1,6]

000009e0,
	[2,586]

00000a78,
	[8,631]
	[12,10]
	[-1707041,1]
	[-455217,1]

00000a48,
	[1,643]

000009d8,
	[1,630]

00000a7c,
	[1,619]

000009f0,
	[2,640]

000009c0,
	[1,616]

00000a34,
	[2,608]

00000a6c,
	[2,628]

00000a40,
	[1016,578]
	[66047,31]
	[-178,1]

00000a2c,
	[1,580]

00000a04,
	[2,612]

000009fc,
	[14,613]

00000a10,
	[20,555]
	[716,32]
	[956,7]
	[756,5]
	[796,4]
	[996,4]
	[836,3]
	[876,1]
	[916,2]
	[-1870303,1]

00000a84,
	[1,641]

00000a60,
	[1,651]

00000a14,
	[1,600]

000009ec,
	[12,644]

00000a88,
	[2,643]

00000a8c,
	[6,657]
	[4,13]

00000aa4,
	[7,8]

00000980,
	[1,18]

00000aa0,
	[2,18]

00000970,
	[2,14]

000009a8,
	[2,11]

00000968,
	[1,11]

00000998,
	[2,11]

0000097c,
	[5,16]

000009b4,
	[7,8]

000009a0,
	[5,10]

000009b8,
	[1,10]

00000a94,
	[1,11]

00000a9c,
	[1,14]

00000950,
	[1,8]

00000ab8,
	[2,1]

len(carl_order):
73
Printing carl assignment order:
00000800,1,1.0
000008a8,1,1.0
00000910,1,1.0
000008f8,1,1.0
00000900,1,1.0
000008b4,1,1.0
00000918,1,1.0
00000850,1,1.0
00000a48,1,1.0
000009d8,1,1.0
00000a7c,1,1.0
000009c0,1,1.0
00000a2c,1,1.0
00000a84,1,1.0
00000a60,1,1.0
00000a14,1,1.0
00000980,1,1.0
00000968,1,1.0
000009b8,1,1.0
00000a94,1,1.0
00000a9c,1,1.0
00000950,1,1.0
000008bc,2,0.5
000008d0,2,0.5
0000087c,2,0.5
00000904,2,0.5
000008e8,2,0.5
00000858,2,0.5
0000086c,2,0.5
00000840,2,0.5
0000082c,2,0.5
0000091c,2,0.5
000009e0,2,0.5
000009f0,2,0.5
00000a34,2,0.5
00000a6c,2,0.5
00000a04,2,0.5
00000a88,2,0.5
00000aa0,2,0.5
00000970,2,0.5
000009a8,2,0.5
00000998,2,0.5
00000ab8,2,0.5
00000908,4,0.48130841121495327
00000888,3,0.3333333333333333
00000890,3,0.3333333333333333
00000920,4,0.3333333333333333
00000938,3,0.3333333333333333
00000864,4,0.25
00000838,5,0.2
0000097c,5,0.2
000009a0,5,0.2
00000a8c,6,0.16775162744116173
000008a0,6,0.16666666666666666
000008dc,6,0.16666666666666666
0000084c,7,0.14285714285714285
00000aa4,7,0.14285714285714285
000009b4,7,0.14285714285714285
00000a78,12,0.12345916795069338
000008f4,12,0.12275731822474033
000009ec,12,0.08333333333333333
00000878,13,0.07692307692307693
000009fc,14,0.07142857142857142
00000a10,20,0.04519543973941368
0000089c,21,0.043183052688756114
00000a10,996,0.0012723762723762723
0000089c,39,0.0011337868480725624
00000a40,1016,0.0009326190783529108
0000089c,1460,0.0008409544833385893
000008c8,1509,0.0006273778334292369
000008c8,57766,1.9069080194744342e-05
00000a40,66047,1.4896741554028079e-05
000008f4,3160752,3.2938788860496875e-07
assigning lease 1 to address 00000800
Average Cache Occupancy Per Bin: [0.00,0.0,0.0,0.0,0.0,0.0,0.0,0.0,0.0,0.0,0.0,0.0,0.0,0.0,0.0,0.0,0.0,0.0,0.0,0.0,0.0,0.0,0.0,0.0,0.0,0.0,0.0,0.0,0.0,0.0,0.0,0.0,0.0,0.0,0.0,0.0,0.0,0.0,0.0,0.0,0.0,0.0,0.0,0.0,0.0,0.0,0.0,0.0,0.0,0.0]
Total cost: 256.0
assigning lease 1 to address 000008a8
Average Cache Occupancy Per Bin: [0.03,0.05,0.04,0.03,0.05,0.05,0.04,0.04,0.06,0.04,0.03,0.04,0.07,0.04,0.03,0.07,0.03,0.04,0.06,0.03,0.06,0.05,0.03,0.03,0.0,0.0,0.0,0.0,0.0,0.0,0.0,0.0,0.0,0.0,0.0,0.0,0.0,0.0,0.0,0.0,0.0,0.0,0.0,0.0,0.0,0.0,0.0,0.0,0.0,0.0]
Total cost: 4864.0
assigning lease 1 to address 00000910
Average Cache Occupancy Per Bin: [0.04,0.05,0.05,0.03,0.05,0.05,0.04,0.04,0.06,0.04,0.03,0.04,0.07,0.04,0.03,0.07,0.03,0.04,0.06,0.03,0.06,0.05,0.04,0.03,0.0,0.0,0.0,0.0,0.0,0.0,0.0,0.0,0.0,0.0,0.0,0.0,0.0,0.0,0.0,0.0,0.0,0.0,0.0,0.0,0.0,0.0,0.0,0.0,0.0,0.0]
Total cost: 5120.0
assigning lease 1 to address 000008f8
Average Cache Occupancy Per Bin: [0.08,0.10,0.09,0.09,0.10,0.10,0.10,0.08,0.11,0.09,0.07,0.09,0.11,0.10,0.07,0.11,0.10,0.08,0.10,0.10,0.10,0.10,0.09,0.07,0.0,0.0,0.0,0.0,0.0,0.0,0.0,0.0,0.0,0.0,0.0,0.0,0.0,0.0,0.0,0.0,0.0,0.0,0.0,0.0,0.0,0.0,0.0,0.0,0.0,0.0]
Total cost: 10496.0
assigning lease 1 to address 00000900
Average Cache Occupancy Per Bin: [0.12,0.16,0.15,0.13,0.15,0.15,0.14,0.11,0.15,0.12,0.13,0.12,0.14,0.16,0.11,0.15,0.15,0.13,0.15,0.16,0.14,0.15,0.14,0.11,0.0,0.0,0.0,0.0,0.0,0.0,0.0,0.0,0.0,0.0,0.0,0.0,0.0,0.0,0.0,0.0,0.0,0.0,0.0,0.0,0.0,0.0,0.0,0.0,0.0,0.0]
Total cost: 15872.0
assigning lease 1 to address 000008b4
Average Cache Occupancy Per Bin: [0.19,0.20,0.19,0.19,0.19,0.19,0.19,0.16,0.18,0.18,0.16,0.16,0.20,0.21,0.16,0.21,0.20,0.18,0.19,0.20,0.18,0.19,0.19,0.14,0.0,0.0,0.0,0.0,0.0,0.0,0.0,0.0,0.0,0.0,0.0,0.0,0.0,0.0,0.0,0.0,0.0,0.0,0.0,0.0,0.0,0.0,0.0,0.0,0.0,0.0]
Total cost: 24320.0
assigning lease 1 to address 00000918
Average Cache Occupancy Per Bin: [0.19,0.20,0.19,0.19,0.19,0.19,0.19,0.16,0.18,0.18,0.16,0.16,0.20,0.21,0.16,0.21,0.20,0.18,0.19,0.20,0.19,0.19,0.19,0.14,0.0,0.0,0.0,0.0,0.0,0.0,0.0,0.0,0.0,0.0,0.0,0.0,0.0,0.0,0.0,0.0,0.0,0.0,0.0,0.0,0.0,0.0,0.0,0.0,0.0,0.0]
Total cost: 24320.0
assigning lease 1 to address 00000850
Average Cache Occupancy Per Bin: [0.19,0.20,0.19,0.19,0.19,0.19,0.19,0.16,0.18,0.18,0.16,0.16,0.20,0.21,0.16,0.21,0.20,0.19,0.19,0.20,0.19,0.19,0.19,0.14,0.0,0.0,0.0,0.0,0.0,0.0,0.0,0.0,0.0,0.0,0.0,0.0,0.0,0.0,0.0,0.0,0.0,0.0,0.0,0.0,0.0,0.0,0.0,0.0,0.0,0.0]
Total cost: 24320.0
assigning lease 1 to address 00000a48
Average Cache Occupancy Per Bin: [0.19,0.20,0.19,0.19,0.19,0.19,0.19,0.16,0.18,0.18,0.16,0.16,0.20,0.21,0.16,0.21,0.20,0.19,0.19,0.20,0.19,0.19,0.19,0.15,0.05,0.04,0.06,0.05,0.04,0.06,0.05,0.05,0.05,0.05,0.03,0.04,0.04,0.05,0.05,0.04,0.03,0.07,0.04,0.03,0.05,0.03,0.04,0.05,0.04,0.04]
Total cost: 24320.0
assigning lease 1 to address 000009d8
Average Cache Occupancy Per Bin: [0.19,0.20,0.19,0.19,0.19,0.19,0.19,0.16,0.18,0.18,0.16,0.16,0.20,0.21,0.16,0.21,0.20,0.19,0.19,0.20,0.19,0.19,0.19,0.16,0.11,0.09,0.09,0.10,0.09,0.10,0.10,0.10,0.08,0.10,0.08,0.07,0.09,0.11,0.11,0.09,0.07,0.10,0.12,0.10,0.10,0.09,0.08,0.10,0.10,0.10]
Total cost: 24320.0
assigning lease 1 to address 00000a7c
Average Cache Occupancy Per Bin: [0.19,0.20,0.19,0.19,0.19,0.19,0.19,0.16,0.18,0.18,0.16,0.16,0.20,0.21,0.16,0.21,0.20,0.19,0.19,0.20,0.19,0.19,0.19,0.17,0.14,0.14,0.15,0.16,0.14,0.15,0.15,0.15,0.12,0.14,0.13,0.12,0.15,0.15,0.16,0.14,0.14,0.14,0.18,0.16,0.16,0.14,0.12,0.14,0.14,0.14]
Total cost: 24320.0
assigning lease 1 to address 000009c0
Average Cache Occupancy Per Bin: [0.19,0.20,0.19,0.19,0.19,0.19,0.19,0.16,0.18,0.18,0.16,0.16,0.20,0.21,0.16,0.21,0.20,0.19,0.19,0.20,0.19,0.19,0.19,0.18,0.19,0.18,0.19,0.20,0.19,0.21,0.21,0.19,0.15,0.20,0.19,0.19,0.19,0.21,0.20,0.19,0.19,0.20,0.22,0.21,0.21,0.18,0.16,0.18,0.19,0.19]
Total cost: 24320.0
assigning lease 1 to address 00000a2c
Average Cache Occupancy Per Bin: [0.19,0.20,0.19,0.19,0.19,0.19,0.19,0.16,0.18,0.18,0.16,0.16,0.20,0.21,0.16,0.21,0.20,0.19,0.19,0.20,0.19,0.19,0.19,0.19,0.24,0.23,0.23,0.23,0.24,0.25,0.25,0.25,0.19,0.25,0.24,0.25,0.25,0.25,0.25,0.24,0.23,0.24,0.27,0.25,0.25,0.22,0.20,0.21,0.25,0.24]
Total cost: 24320.0
assigning lease 1 to address 00000a84
Average Cache Occupancy Per Bin: [0.19,0.20,0.19,0.19,0.19,0.19,0.19,0.16,0.18,0.18,0.16,0.16,0.20,0.21,0.16,0.21,0.20,0.19,0.19,0.20,0.19,0.19,0.19,0.20,0.30,0.28,0.28,0.28,0.31,0.32,0.29,0.31,0.25,0.28,0.30,0.31,0.30,0.29,0.30,0.29,0.27,0.28,0.31,0.30,0.29,0.27,0.25,0.24,0.31,0.28]
Total cost: 24320.0
assigning lease 1 to address 00000a60
Average Cache Occupancy Per Bin: [0.19,0.20,0.19,0.19,0.19,0.19,0.19,0.16,0.18,0.18,0.16,0.16,0.20,0.21,0.16,0.21,0.20,0.19,0.19,0.20,0.19,0.19,0.19,0.20,0.35,0.34,0.32,0.33,0.35,0.37,0.35,0.37,0.30,0.32,0.33,0.38,0.35,0.35,0.36,0.33,0.34,0.33,0.36,0.35,0.34,0.34,0.30,0.30,0.35,0.35]
Total cost: 24320.0
assigning lease 1 to address 00000a14
Average Cache Occupancy Per Bin: [0.19,0.20,0.19,0.19,0.19,0.19,0.19,0.16,0.18,0.18,0.16,0.16,0.20,0.21,0.16,0.21,0.20,0.19,0.19,0.20,0.19,0.19,0.19,0.21,0.39,0.39,0.39,0.38,0.42,0.40,0.40,0.40,0.34,0.37,0.38,0.42,0.38,0.39,0.39,0.37,0.38,0.38,0.41,0.41,0.38,0.38,0.36,0.36,0.41,0.40]
Total cost: 24320.0
assigning lease 1 to address 00000980
Average Cache Occupancy Per Bin: [0.19,0.20,0.19,0.19,0.19,0.19,0.19,0.16,0.18,0.18,0.16,0.16,0.20,0.21,0.16,0.21,0.20,0.19,0.19,0.20,0.19,0.19,0.19,0.21,0.39,0.39,0.39,0.38,0.42,0.41,0.40,0.41,0.34,0.37,0.38,0.42,0.39,0.39,0.39,0.37,0.38,0.38,0.42,0.41,0.38,0.38,0.36,0.36,0.41,0.40]
Total cost: 24320.0
assigning lease 1 to address 00000968
Average Cache Occupancy Per Bin: [0.19,0.20,0.19,0.19,0.19,0.19,0.19,0.16,0.18,0.18,0.16,0.16,0.20,0.21,0.16,0.21,0.20,0.19,0.19,0.20,0.19,0.19,0.19,0.21,0.39,0.39,0.39,0.38,0.42,0.41,0.40,0.41,0.34,0.37,0.38,0.42,0.39,0.39,0.39,0.37,0.38,0.38,0.42,0.41,0.38,0.38,0.36,0.36,0.41,0.40]
Total cost: 24320.0
assigning lease 1 to address 000009b8
Average Cache Occupancy Per Bin: [0.19,0.20,0.19,0.19,0.19,0.19,0.19,0.16,0.18,0.18,0.16,0.16,0.20,0.21,0.16,0.21,0.20,0.19,0.19,0.20,0.19,0.19,0.19,0.21,0.39,0.39,0.39,0.38,0.42,0.41,0.41,0.41,0.34,0.38,0.39,0.42,0.39,0.39,0.39,0.37,0.38,0.38,0.42,0.41,0.38,0.38,0.36,0.36,0.41,0.41]
Total cost: 24320.0
assigning lease 1 to address 00000a94
Average Cache Occupancy Per Bin: [0.19,0.20,0.19,0.19,0.19,0.19,0.19,0.16,0.18,0.18,0.16,0.16,0.20,0.21,0.16,0.21,0.20,0.19,0.19,0.20,0.19,0.19,0.19,0.21,0.39,0.39,0.39,0.38,0.42,0.41,0.41,0.41,0.34,0.38,0.39,0.43,0.39,0.39,0.39,0.38,0.38,0.39,0.42,0.42,0.38,0.38,0.36,0.36,0.41,0.41]
Total cost: 24320.0
assigning lease 1 to address 00000a9c
Average Cache Occupancy Per Bin: [0.19,0.20,0.19,0.19,0.19,0.19,0.19,0.16,0.18,0.18,0.16,0.16,0.20,0.21,0.16,0.21,0.20,0.19,0.19,0.20,0.19,0.19,0.19,0.21,0.39,0.39,0.39,0.38,0.42,0.41,0.41,0.41,0.35,0.38,0.39,0.43,0.39,0.39,0.39,0.38,0.38,0.39,0.43,0.42,0.39,0.38,0.36,0.36,0.41,0.41]
Total cost: 24320.0
assigning lease 1 to address 00000950
Average Cache Occupancy Per Bin: [0.19,0.20,0.19,0.19,0.19,0.19,0.19,0.16,0.18,0.18,0.16,0.16,0.20,0.21,0.16,0.21,0.20,0.19,0.19,0.20,0.19,0.19,0.19,0.21,0.39,0.39,0.39,0.38,0.42,0.41,0.41,0.41,0.35,0.38,0.39,0.43,0.39,0.39,0.40,0.38,0.38,0.39,0.43,0.42,0.39,0.38,0.36,0.36,0.41,0.41]
Total cost: 24320.0
assigning lease 2 to address 000008bc
Average Cache Occupancy Per Bin: [0.30,0.28,0.29,0.27,0.28,0.26,0.29,0.27,0.29,0.30,0.24,0.28,0.30,0.28,0.29,0.28,0.29,0.27,0.25,0.31,0.28,0.24,0.28,0.29,0.39,0.39,0.39,0.38,0.42,0.41,0.41,0.41,0.35,0.38,0.39,0.43,0.39,0.39,0.40,0.38,0.38,0.39,0.43,0.42,0.39,0.38,0.36,0.36,0.41,0.41]
Total cost: 37632.0
assigning lease 2 to address 000008d0
Average Cache Occupancy Per Bin: [0.38,0.36,0.40,0.37,0.40,0.36,0.40,0.39,0.39,0.40,0.36,0.38,0.40,0.37,0.36,0.38,0.37,0.34,0.35,0.39,0.36,0.32,0.34,0.37,0.39,0.39,0.39,0.38,0.42,0.41,0.41,0.41,0.35,0.38,0.39,0.43,0.39,0.39,0.40,0.38,0.38,0.39,0.43,0.42,0.39,0.38,0.36,0.36,0.41,0.41]
Total cost: 48384.0
assigning lease 2 to address 0000087c
Average Cache Occupancy Per Bin: [0.49,0.45,0.46,0.46,0.51,0.46,0.50,0.49,0.49,0.49,0.46,0.49,0.51,0.46,0.43,0.49,0.47,0.45,0.44,0.49,0.44,0.45,0.43,0.45,0.39,0.39,0.39,0.38,0.42,0.41,0.41,0.41,0.35,0.38,0.39,0.43,0.39,0.39,0.40,0.38,0.38,0.39,0.43,0.42,0.39,0.38,0.36,0.36,0.41,0.41]
Total cost: 61184.0
assigning lease 2 to address 00000904
Average Cache Occupancy Per Bin: [0.59,0.56,0.53,0.55,0.61,0.50,0.59,0.59,0.56,0.59,0.58,0.57,0.64,0.56,0.54,0.62,0.56,0.55,0.55,0.57,0.53,0.56,0.50,0.53,0.39,0.39,0.39,0.38,0.42,0.41,0.41,0.41,0.35,0.38,0.39,0.43,0.39,0.39,0.40,0.38,0.38,0.39,0.43,0.42,0.39,0.38,0.36,0.36,0.41,0.41]
Total cost: 73984.0
assigning lease 2 to address 000008e8
Average Cache Occupancy Per Bin: [0.69,0.67,0.62,0.65,0.73,0.57,0.69,0.66,0.63,0.68,0.69,0.66,0.72,0.65,0.62,0.70,0.65,0.67,0.62,0.67,0.64,0.63,0.63,0.61,0.39,0.39,0.39,0.38,0.42,0.41,0.41,0.41,0.35,0.38,0.39,0.43,0.39,0.39,0.40,0.38,0.38,0.39,0.43,0.42,0.39,0.38,0.36,0.36,0.41,0.41]
Total cost: 86272.0
assigning lease 2 to address 00000858
Average Cache Occupancy Per Bin: [0.80,0.73,0.71,0.75,0.84,0.69,0.78,0.75,0.76,0.76,0.81,0.79,0.80,0.77,0.71,0.78,0.75,0.77,0.70,0.76,0.74,0.71,0.71,0.68,0.39,0.39,0.39,0.38,0.42,0.41,0.41,0.41,0.35,0.38,0.39,0.43,0.39,0.39,0.40,0.38,0.38,0.39,0.43,0.42,0.39,0.38,0.36,0.36,0.41,0.41]
Total cost: 100096.0
assigning lease 2 to address 0000086c
Average Cache Occupancy Per Bin: [0.86,0.86,0.83,0.83,0.92,0.82,0.83,0.84,0.86,0.84,0.88,0.89,0.90,0.84,0.81,0.91,0.84,0.86,0.84,0.81,0.83,0.86,0.77,0.77,0.39,0.39,0.39,0.38,0.42,0.41,0.41,0.41,0.35,0.38,0.39,0.43,0.39,0.39,0.40,0.38,0.38,0.39,0.43,0.42,0.39,0.38,0.36,0.36,0.41,0.41]
Total cost: 107264.0
assigning lease 2 to address 00000840
Average Cache Occupancy Per Bin: [0.87,0.87,0.83,0.83,0.93,0.82,0.84,0.84,0.86,0.85,0.89,0.89,0.91,0.84,0.82,0.92,0.84,0.86,0.84,0.81,0.83,0.86,0.77,0.77,0.39,0.39,0.39,0.38,0.42,0.41,0.41,0.41,0.35,0.38,0.39,0.43,0.39,0.39,0.40,0.38,0.38,0.39,0.43,0.42,0.39,0.38,0.36,0.36,0.41,0.41]
Total cost: 108288.0
assigning lease 2 to address 0000082c
Average Cache Occupancy Per Bin: [0.87,0.87,0.83,0.83,0.93,0.82,0.84,0.84,0.86,0.85,0.89,0.89,0.91,0.84,0.82,0.92,0.84,0.86,0.84,0.81,0.83,0.86,0.78,0.77,0.39,0.39,0.39,0.38,0.42,0.41,0.41,0.41,0.35,0.38,0.39,0.43,0.39,0.39,0.40,0.38,0.38,0.39,0.43,0.42,0.39,0.38,0.36,0.36,0.41,0.41]
Total cost: 108288.0
assigning lease 2 to address 0000091c
Average Cache Occupancy Per Bin: [0.87,0.87,0.83,0.83,0.93,0.82,0.84,0.84,0.86,0.85,0.89,0.89,0.91,0.85,0.82,0.92,0.85,0.86,0.84,0.81,0.84,0.86,0.78,0.77,0.39,0.39,0.39,0.38,0.42,0.41,0.41,0.41,0.35,0.38,0.39,0.43,0.39,0.39,0.40,0.38,0.38,0.39,0.43,0.42,0.39,0.38,0.36,0.36,0.41,0.41]
Total cost: 108288.0
assigning lease 2 to address 000009e0
Average Cache Occupancy Per Bin: [0.87,0.87,0.83,0.83,0.93,0.82,0.84,0.84,0.86,0.85,0.89,0.89,0.91,0.85,0.82,0.92,0.85,0.86,0.84,0.81,0.84,0.86,0.78,0.79,0.49,0.49,0.48,0.46,0.50,0.49,0.52,0.51,0.47,0.46,0.48,0.52,0.48,0.47,0.49,0.48,0.46,0.47,0.52,0.49,0.46,0.49,0.47,0.49,0.50,0.48]
Total cost: 108288.0
assigning lease 2 to address 000009f0
Average Cache Occupancy Per Bin: [0.87,0.87,0.83,0.83,0.93,0.82,0.84,0.84,0.86,0.85,0.89,0.89,0.91,0.85,0.82,0.92,0.85,0.86,0.84,0.81,0.84,0.86,0.78,0.81,0.58,0.55,0.56,0.57,0.58,0.61,0.62,0.58,0.56,0.58,0.60,0.62,0.60,0.57,0.59,0.57,0.56,0.57,0.61,0.59,0.57,0.58,0.55,0.62,0.61,0.62]
Total cost: 108288.0
assigning lease 2 to address 00000a34
Average Cache Occupancy Per Bin: [0.87,0.87,0.83,0.83,0.93,0.82,0.84,0.84,0.86,0.85,0.89,0.89,0.91,0.85,0.82,0.92,0.85,0.86,0.84,0.81,0.84,0.86,0.78,0.83,0.71,0.67,0.65,0.66,0.66,0.72,0.73,0.68,0.68,0.66,0.70,0.69,0.69,0.62,0.66,0.68,0.65,0.66,0.70,0.71,0.71,0.68,0.63,0.73,0.70,0.69]
Total cost: 108288.0
assigning lease 2 to address 00000a6c
Average Cache Occupancy Per Bin: [0.87,0.87,0.83,0.83,0.93,0.82,0.84,0.84,0.86,0.85,0.89,0.89,0.91,0.85,0.82,0.92,0.85,0.86,0.84,0.81,0.84,0.86,0.78,0.85,0.79,0.75,0.76,0.76,0.73,0.84,0.83,0.74,0.77,0.76,0.81,0.79,0.76,0.72,0.78,0.80,0.74,0.78,0.76,0.83,0.80,0.78,0.75,0.85,0.80,0.79]
Total cost: 108288.0
assigning lease 2 to address 00000a04
Average Cache Occupancy Per Bin: [0.87,0.87,0.83,0.83,0.93,0.82,0.84,0.84,0.86,0.85,0.89,0.89,0.91,0.85,0.82,0.92,0.85,0.86,0.84,0.81,0.84,0.86,0.78,0.87,0.89,0.81,0.88,0.84,0.82,0.95,0.97,0.85,0.85,0.89,0.91,0.88,0.88,0.82,0.88,0.90,0.82,0.87,0.84,0.90,0.92,0.85,0.88,0.93,0.87,0.89]
Total cost: 108288.0
assigning lease 2 to address 00000a88
Average Cache Occupancy Per Bin: [0.87,0.87,0.83,0.83,0.93,0.82,0.84,0.84,0.86,0.85,0.89,0.89,0.91,0.85,0.82,0.92,0.85,0.86,0.84,0.81,0.84,0.86,0.78,0.87,1.00,0.90,0.98,0.94,0.93,1.02,1.04,0.96,0.96,1.02,1.01,0.96,0.98,0.98,0.97,0.99,0.93,0.97,0.95,1.02,1.02,0.95,0.98,1.03,0.96,0.97]
Total cost: 108288.0
assigning lease 2 to address 00000aa0
Average Cache Occupancy Per Bin: [0.87,0.87,0.83,0.83,0.93,0.82,0.84,0.84,0.86,0.85,0.89,0.89,0.91,0.85,0.82,0.92,0.85,0.86,0.84,0.81,0.84,0.86,0.78,0.87,1.01,0.90,0.98,0.94,0.94,1.02,1.04,0.96,0.96,1.02,1.01,0.96,0.99,0.98,0.97,0.99,0.93,0.97,0.95,1.02,1.03,0.96,0.99,1.04,0.96,0.98]
Total cost: 108288.0
assigning lease 2 to address 00000970
Average Cache Occupancy Per Bin: [0.87,0.87,0.83,0.83,0.93,0.82,0.84,0.84,0.86,0.85,0.89,0.89,0.91,0.85,0.82,0.92,0.85,0.86,0.84,0.81,0.84,0.86,0.78,0.87,1.01,0.91,0.99,0.94,0.94,1.02,1.04,0.97,0.97,1.03,1.01,0.97,0.99,0.99,0.98,0.99,0.94,0.97,0.95,1.02,1.03,0.96,0.99,1.04,0.96,0.98]
Total cost: 108288.0
assigning lease 2 to address 000009a8
Average Cache Occupancy Per Bin: [0.87,0.87,0.83,0.83,0.93,0.82,0.84,0.84,0.86,0.85,0.89,0.89,0.91,0.85,0.82,0.92,0.85,0.86,0.84,0.81,0.84,0.86,0.78,0.87,1.01,0.92,0.99,0.94,0.94,1.02,1.04,0.97,0.97,1.03,1.01,0.97,0.99,0.99,0.98,0.99,0.94,0.97,0.95,1.02,1.03,0.96,0.99,1.04,0.97,0.98]
Total cost: 108288.0
assigning lease 2 to address 00000998
Average Cache Occupancy Per Bin: [0.87,0.87,0.83,0.83,0.93,0.82,0.84,0.84,0.86,0.85,0.89,0.89,0.91,0.85,0.82,0.92,0.85,0.86,0.84,0.81,0.84,0.86,0.78,0.87,1.01,0.92,0.99,0.94,0.94,1.03,1.04,0.97,0.98,1.03,1.01,0.97,0.99,0.99,0.98,0.99,0.94,0.97,0.96,1.02,1.03,0.96,0.99,1.04,0.97,0.98]
Total cost: 108288.0
assigning lease 2 to address 00000ab8
Average Cache Occupancy Per Bin: [0.87,0.87,0.83,0.83,0.93,0.82,0.84,0.84,0.86,0.85,0.89,0.89,0.91,0.85,0.82,0.92,0.85,0.86,0.84,0.81,0.84,0.86,0.78,0.87,1.01,0.92,0.99,0.94,0.94,1.03,1.04,0.97,0.98,1.03,1.01,0.97,0.99,0.99,0.98,0.99,0.95,0.97,0.96,1.02,1.03,0.96,0.99,1.04,0.97,0.98]
Total cost: 108288.0
assigning lease 4 to address 00000908
Average Cache Occupancy Per Bin: [0.99,0.96,0.93,0.95,1.00,0.92,0.93,0.93,0.95,0.95,0.96,0.97,1.02,0.91,0.90,1.01,0.93,0.96,0.93,0.88,0.92,0.97,0.89,0.97,1.01,0.92,0.99,0.94,0.94,1.03,1.04,0.97,0.98,1.03,1.01,0.97,0.99,0.99,0.98,0.99,0.95,0.97,0.96,1.02,1.03,0.96,0.99,1.04,0.97,0.98]
Total cost: 123136.0
assigning lease 3 to address 00000888
Average Cache Occupancy Per Bin: [1.16,1.13,1.07,1.15,1.15,1.09,1.10,1.11,1.11,1.09,1.07,1.13,1.12,1.05,1.07,1.12,1.05,1.14,1.04,1.03,1.10,1.07,1.04,1.12,1.01,0.92,0.99,0.94,0.94,1.03,1.04,0.97,0.98,1.03,1.01,0.97,0.99,0.99,0.98,0.99,0.95,0.97,0.96,1.02,1.03,0.96,0.99,1.04,0.97,0.98]
Total cost: 144640.0
assigning lease 3 to address 00000890
Average Cache Occupancy Per Bin: [1.25,1.23,1.21,1.25,1.24,1.22,1.20,1.24,1.25,1.20,1.22,1.24,1.26,1.24,1.22,1.28,1.24,1.27,1.21,1.21,1.24,1.23,1.22,1.20,1.01,0.92,0.99,0.94,0.94,1.03,1.04,0.97,0.98,1.03,1.01,0.97,0.99,0.99,0.98,0.99,0.95,0.97,0.96,1.02,1.03,0.96,0.99,1.04,0.97,0.98]
Total cost: 156160.0
assigning lease 4 to address 00000920
Average Cache Occupancy Per Bin: [1.25,1.24,1.21,1.25,1.24,1.22,1.20,1.24,1.25,1.20,1.22,1.24,1.26,1.24,1.22,1.28,1.24,1.27,1.21,1.21,1.24,1.23,1.22,1.20,1.01,0.92,0.99,0.94,0.94,1.03,1.04,0.97,0.98,1.03,1.01,0.97,0.99,0.99,0.98,0.99,0.95,0.97,0.96,1.02,1.03,0.96,0.99,1.04,0.97,0.98]
Total cost: 156160.0
assigning lease 3 to address 00000938
Average Cache Occupancy Per Bin: [1.25,1.24,1.21,1.25,1.25,1.22,1.20,1.24,1.25,1.20,1.22,1.24,1.26,1.24,1.22,1.28,1.24,1.27,1.21,1.21,1.24,1.23,1.22,1.20,1.01,0.92,0.99,0.94,0.94,1.03,1.04,0.97,0.98,1.03,1.01,0.97,0.99,0.99,0.98,0.99,0.95,0.97,0.96,1.02,1.03,0.96,0.99,1.04,0.97,0.98]
Total cost: 156160.0
assigning lease 4 to address 00000864
Average Cache Occupancy Per Bin: [1.43,1.46,1.36,1.44,1.42,1.37,1.41,1.44,1.41,1.43,1.32,1.50,1.46,1.43,1.46,1.48,1.46,1.49,1.40,1.43,1.46,1.40,1.40,1.39,1.01,0.92,0.99,0.94,0.94,1.03,1.04,0.97,0.98,1.03,1.01,0.97,0.99,0.99,0.98,0.99,0.95,0.97,0.96,1.02,1.03,0.96,0.99,1.04,0.97,0.98]
Total cost: 178688.0
assigning lease 5 to address 00000838
Average Cache Occupancy Per Bin: [1.43,1.46,1.37,1.44,1.42,1.39,1.41,1.44,1.43,1.43,1.32,1.52,1.46,1.43,1.46,1.48,1.46,1.49,1.40,1.43,1.46,1.40,1.40,1.40,1.01,0.92,0.99,0.94,0.94,1.03,1.04,0.97,0.98,1.03,1.01,0.97,0.99,0.99,0.98,0.99,0.95,0.97,0.96,1.02,1.03,0.96,0.99,1.04,0.97,0.98]
Total cost: 178688.0
assigning lease 5 to address 0000097c
Average Cache Occupancy Per Bin: [1.43,1.46,1.37,1.44,1.42,1.39,1.41,1.44,1.43,1.43,1.32,1.52,1.46,1.43,1.46,1.48,1.46,1.49,1.40,1.43,1.46,1.40,1.40,1.40,1.01,0.92,0.99,0.95,0.95,1.04,1.04,0.97,0.99,1.03,1.04,0.98,0.99,0.99,1.03,0.99,0.96,0.97,0.96,1.03,1.03,0.97,0.99,1.04,0.97,0.98]
Total cost: 178688.0
assigning lease 5 to address 000009a0
Average Cache Occupancy Per Bin: [1.43,1.46,1.37,1.44,1.42,1.39,1.41,1.44,1.43,1.43,1.32,1.52,1.46,1.43,1.46,1.48,1.46,1.49,1.40,1.43,1.46,1.40,1.40,1.40,1.01,0.92,0.99,0.95,0.96,1.04,1.05,0.97,0.99,1.05,1.04,0.98,0.99,0.99,1.03,1.00,0.97,0.97,0.96,1.03,1.03,0.97,0.99,1.05,0.97,1.01]
Total cost: 178688.0
assigning lease 6 to address 00000a8c
Average Cache Occupancy Per Bin: [1.43,1.46,1.37,1.44,1.42,1.39,1.41,1.44,1.43,1.43,1.32,1.52,1.46,1.43,1.46,1.48,1.46,1.49,1.40,1.43,1.46,1.40,1.40,1.44,1.22,1.40,1.33,1.33,1.27,1.26,1.27,1.31,1.32,1.36,1.32,1.25,1.30,1.30,1.21,1.25,1.33,1.32,1.29,1.32,1.27,1.48,1.32,1.38,1.36,1.33]
Total cost: 178688.0
assigning lease 6 to address 000008a0
Average Cache Occupancy Per Bin: [1.75,1.75,1.59,1.79,1.74,1.70,1.72,1.80,1.76,1.71,1.67,1.80,1.75,1.71,1.76,1.69,1.79,1.68,1.60,1.73,1.77,1.60,1.70,1.66,1.22,1.40,1.33,1.33,1.27,1.26,1.27,1.31,1.32,1.36,1.32,1.25,1.30,1.30,1.21,1.25,1.33,1.32,1.29,1.32,1.27,1.48,1.32,1.38,1.36,1.33]
Total cost: 218624.0
assigning lease 6 to address 000008dc
Average Cache Occupancy Per Bin: [2.01,2.00,1.85,2.06,1.98,1.98,1.97,2.02,2.07,1.97,1.95,2.03,2.00,2.02,2.11,2.04,2.04,2.04,1.94,2.00,2.11,1.98,1.97,1.93,1.22,1.40,1.33,1.33,1.27,1.26,1.27,1.31,1.32,1.36,1.32,1.25,1.30,1.30,1.21,1.25,1.33,1.32,1.29,1.32,1.27,1.48,1.32,1.38,1.36,1.33]
Total cost: 250880.0
assigning lease 7 to address 0000084c
Average Cache Occupancy Per Bin: [2.01,2.01,1.85,2.07,1.98,1.98,2.00,2.02,2.07,2.00,1.97,2.03,2.01,2.03,2.11,2.04,2.07,2.04,1.94,2.00,2.13,2.00,1.97,1.95,1.22,1.40,1.33,1.33,1.27,1.26,1.27,1.31,1.32,1.36,1.32,1.25,1.30,1.30,1.21,1.25,1.33,1.32,1.29,1.32,1.27,1.48,1.32,1.38,1.36,1.33]
Total cost: 250880.0
assigning lease 7 to address 00000aa4
Average Cache Occupancy Per Bin: [2.01,2.01,1.85,2.07,1.98,1.98,2.00,2.02,2.07,2.00,1.97,2.03,2.01,2.03,2.11,2.04,2.07,2.04,1.94,2.00,2.13,2.00,1.97,1.95,1.24,1.40,1.33,1.33,1.27,1.26,1.27,1.32,1.32,1.36,1.32,1.26,1.32,1.30,1.22,1.27,1.33,1.32,1.29,1.32,1.27,1.49,1.33,1.38,1.36,1.33]
Total cost: 250880.0
assigning lease 7 to address 000009b4
Average Cache Occupancy Per Bin: [2.01,2.01,1.85,2.07,1.98,1.98,2.00,2.02,2.07,2.00,1.97,2.03,2.01,2.03,2.11,2.04,2.07,2.04,1.94,2.00,2.13,2.00,1.97,1.95,1.24,1.40,1.33,1.35,1.27,1.26,1.27,1.32,1.32,1.39,1.32,1.28,1.33,1.30,1.22,1.27,1.34,1.33,1.29,1.32,1.27,1.49,1.33,1.38,1.36,1.35]
Total cost: 250880.0
assigning lease 12 to address 00000a78
Average Cache Occupancy Per Bin: [2.01,2.01,1.85,2.07,1.98,1.98,2.00,2.02,2.07,2.00,1.97,2.03,2.01,2.03,2.11,2.04,2.07,2.04,1.94,2.00,2.13,2.00,1.97,2.06,1.49,1.72,1.67,1.85,1.65,1.71,1.65,1.80,1.79,1.75,1.81,1.73,1.61,1.71,1.65,1.59,1.72,1.76,1.69,1.73,1.68,1.84,1.78,1.91,1.81,1.84]
Total cost: 250880.0
assigning lease 12 to address 000008f4
Average Cache Occupancy Per Bin: [2.18,2.30,2.42,2.35,2.36,2.51,2.38,2.39,2.47,2.47,2.33,2.46,2.38,2.31,2.53,2.42,2.28,2.47,2.33,2.23,2.49,2.41,2.25,2.34,1.49,1.75,1.67,1.85,1.65,1.71,1.65,1.80,1.79,1.75,1.81,1.73,1.63,1.71,1.65,1.59,1.72,1.76,1.69,1.73,1.68,1.84,1.78,1.91,1.83,1.84]
Total cost: 271360.0
assigning lease 12 to address 000009ec
Average Cache Occupancy Per Bin: [2.18,2.30,2.42,2.35,2.36,2.51,2.38,2.39,2.47,2.47,2.33,2.46,2.38,2.31,2.53,2.42,2.28,2.47,2.33,2.23,2.49,2.41,2.25,2.42,2.38,2.41,2.39,2.54,2.42,2.20,2.37,2.49,2.35,2.29,2.30,2.42,2.23,2.06,2.21,2.35,2.44,2.43,2.25,2.15,2.28,2.36,2.45,2.38,2.40,2.29]
Total cost: 271360.0
assigning lease 13 to address 00000878
Average Cache Occupancy Per Bin: [2.87,2.68,3.06,3.12,2.92,3.04,3.11,3.06,3.04,3.06,3.29,3.00,2.94,2.96,3.06,3.03,2.87,2.98,2.95,2.88,3.00,2.92,3.03,2.87,2.38,2.41,2.39,2.54,2.42,2.20,2.37,2.49,2.35,2.29,2.30,2.42,2.23,2.06,2.21,2.35,2.44,2.43,2.25,2.15,2.28,2.36,2.45,2.38,2.40,2.29]
Total cost: 357888.0
assigning lease 14 to address 000009fc
Average Cache Occupancy Per Bin: [2.87,2.68,3.06,3.12,2.92,3.04,3.11,3.06,3.04,3.06,3.29,3.00,2.94,2.96,3.06,3.03,2.87,2.98,2.95,2.88,3.00,2.92,3.03,2.90,3.21,3.16,3.05,3.32,3.14,2.92,3.06,2.92,3.05,2.75,2.99,3.00,3.01,2.81,2.88,2.93,3.04,3.26,2.95,2.92,2.91,3.11,3.14,3.07,2.98,2.89]
Total cost: 357888.0
assigning lease 20 to address 00000a10
Average Cache Occupancy Per Bin: [2.87,2.68,3.06,3.12,2.92,3.04,3.11,3.06,3.04,3.06,3.29,3.00,2.94,2.96,3.06,3.03,2.87,2.98,2.95,2.88,3.00,2.92,3.03,3.11,4.00,4.19,3.92,4.15,3.75,3.99,3.52,3.87,3.91,3.62,4.07,3.86,3.91,3.80,3.95,4.37,3.95,4.42,4.10,4.00,4.11,4.01,4.30,4.02,3.76,4.05]
Total cost: 357888.0
assigning lease 21 to address 0000089c
Average Cache Occupancy Per Bin: [3.83,3.89,4.28,4.03,4.00,3.91,4.14,4.14,3.90,4.01,4.24,3.86,3.76,4.08,3.80,3.77,3.82,3.80,3.77,4.04,3.69,3.83,4.11,4.02,4.00,4.19,3.92,4.15,3.75,3.99,3.52,3.87,3.91,3.62,4.07,3.86,3.91,3.80,3.95,4.37,3.95,4.42,4.10,4.00,4.11,4.01,4.30,4.02,3.76,4.05]
Total cost: 476160.0
assigning lease 996 to address 00000a10
Average Cache Occupancy Per Bin: [3.83,3.89,4.28,4.03,4.00,3.91,4.14,4.14,3.90,4.01,4.24,3.86,3.76,4.08,3.80,3.77,3.82,3.80,3.77,4.04,3.69,3.83,4.11,6.88,7.36,8.74,6.79,7.01,5.19,8.29,3.52,6.74,8.21,8.50,7.51,6.73,10.4,3.80,5.38,8.39,8.83,9.30,5.78,7.44,8.98,5.94,11.1,8.32,8.72,7.57]
Total cost: 476160.0
assigning lease 39 to address 0000089c
Average Cache Occupancy Per Bin: [3.90,4.04,4.28,4.03,4.08,3.95,4.33,4.25,3.94,4.13,4.39,3.90,3.80,4.12,3.87,3.84,3.94,3.88,3.88,4.12,3.76,3.90,4.15,6.96,7.36,8.74,6.79,7.01,5.19,8.29,3.52,6.74,8.21,8.50,7.51,6.73,10.4,3.80,5.38,8.39,8.83,9.30,5.78,7.44,8.98,5.94,11.1,8.32,8.72,7.57]
Total cost: 485376.0
assigning lease 1016 to address 00000a40
Average Cache Occupancy Per Bin: [3.90,4.04,4.28,4.03,4.08,3.95,4.33,4.25,3.94,4.13,4.39,3.90,3.80,4.12,3.87,3.84,3.94,3.88,3.88,4.12,3.76,3.90,4.15,15.3,65.9,54.7,59.1,55.1,72.1,43.8,60.0,63.2,66.8,79.6,43.0,50.6,69.0,33.1,55.6,64.9,69.5,53.2,53.9,43.0,38.2,51.9,50.8,45.9,63.1,55.7]
Total cost: 485376.0
assigning lease 1460 to address 0000089c
Average Cache Occupancy Per Bin: [8.80,14.3,4.28,4.03,8.72,6.27,16.2,11.3,6.26,11.5,14.0,6.22,6.64,6.70,8.69,8.49,11.8,8.52,11.1,6.44,9.01,8.89,6.99,19.9,65.9,54.7,59.1,55.1,72.1,43.8,60.0,63.2,66.8,79.6,43.0,50.6,69.0,33.1,55.6,64.9,69.5,53.2,53.9,43.0,38.2,51.9,50.8,45.9,63.1,55.7]
Total cost: 1094656.0
assigning lease 1509 to address 000008c8
Average Cache Occupancy Per Bin: [42.4,84.7,80.6,46.8,82.1,85.8,71.3,93.7,73.6,69.6,87.2,88.7,58.6,73.8,72.8,51.3,91.2,72.6,53.8,82.8,91.5,69.9,101.,81.1,65.9,54.7,59.1,55.1,72.1,43.8,60.0,63.2,66.8,79.6,43.0,50.6,69.0,33.1,55.6,64.9,69.5,53.2,53.9,43.0,38.2,51.9,50.8,45.9,63.1,58.8]
Total cost: 5272320.0
addr: 000008c8 ri: 57766
bin target: 15907328
	bin: 0.0 current capacity: 42.424281438089416  avg impact: 103.68251311596768
	bin: 1.0 current capacity: 84.70642762882616  avg impact: 311.04753934790307
	bin: 2.0 current capacity: 80.6648427693199  avg impact: 207.30734816054587
	bin: 3.0 current capacity: 46.80369500144839  avg impact: 103.68251311596768
	bin: 4.0 current capacity: 82.11503427854132  avg impact: 207.36502623193536
	bin: 5.0 current capacity: 85.82291029643696  avg impact: 414.67237439248123
	bin: 6.0 current capacity: 71.31687534198075  avg impact: 219.5103801216647
	bin: 8.0 current capacity: 73.61163861083395  avg impact: 207.36502623193536
	bin: 9.0 current capacity: 69.60713251150665  avg impact: 219.56805819305416
	bin: 11.0 current capacity: 88.71299365927452  avg impact: 103.62483504457819
	bin: 12.0 current capacity: 58.621519842930255  avg impact: 207.36502623193536
	bin: 14.0 current capacity: 72.81650519810744  avg impact: 103.68251311596768
	bin: 15.0 current capacity: 51.31700408767582  avg impact: 115.88554507708649
	bin: 16.0 current capacity: 91.29202742283304  avg impact: 103.62483504457819
	bin: 17.0 current capacity: 72.64759084618107  avg impact: 103.68251311596768
	bin: 18.0 current capacity: 53.87749847114487  avg impact: 103.62483504457819
	bin: 19.0 current capacity: 82.82983037754676  avg impact: 103.68251311596768
	bin: 20.0 current capacity: 91.50420032830152  avg impact: 207.24967008915638
	bin: 21.0 current capacity: 69.969680388812  avg impact: 103.68251311596768
	bin: 22.0 current capacity: 101.68026006630403  avg impact: 207.36502623193536
	bin: 23.0 current capacity: 81.10772796034632  avg impact: 207.30734816054587
	bin: 49.0 current capacity: 58.82339309279346  avg impact: 115.88554507708649
num_full_bins: 0
printing bin ranks sorted:
	bin: 5.0 rank: 0.1017118388109526
	selecting this^ bin
	bin: 22.0 rank: 0.12692468162040807
	bin: 1.0 rank: 0.1391863522274982
	bin: 20.0 rank: 0.17609581552529568
	bin: 4.0 rank: 0.2212762998430453
	bin: 23.0 rank: 0.2261968640076313
	bin: 2.0 rank: 0.2283332339672887
	bin: 6.0 rank: 0.2582252585349374
	bin: 8.0 rank: 0.26228319392843663
	bin: 9.0 rank: 0.2659442724458204
	bin: 12.0 rank: 0.3345717521308088
	bin: 16.0 rank: 0.35423914123844547
	bin: 11.0 rank: 0.37912732332770105
	bin: 19.0 rank: 0.43565851429479663
	bin: 14.0 rank: 0.5322353128166412
	bin: 17.0 rank: 0.5338644626785608
	bin: 21.0 rank: 0.5596924482943596
	bin: 49.0 rank: 0.5969390475851895
	bin: 15.0 rank: 0.6617132090228771
	bin: 18.0 rank: 0.715296690189842
	bin: 3.0 rank: 0.783124391552262
	bin: 0.0 rank: 0.8253630818747144
acceptable_ratio: 0.1017118388109526
Assigning 000008c8 dual lease lease 57766 * 0.1017118388109526. Bin saturation: [52.9,116.,101.,57.3,103.,128.,93.6,93.7,94.7,91.9,87.2,99.2,79.7,73.8,83.3,63.1,101.,83.1,64.4,93.3,112.,80.5,122.,102.,65.9,54.7,59.1,55.1,72.1,43.8,60.0,63.2,66.8,79.6,43.0,50.6,69.0,33.1,55.6,64.9,69.5,53.2,53.9,43.0,38.2,51.9,50.8,45.9,63.1,70.6]
addr: 00000a40 ri: 66047
bin target: 15907328
	bin: 5.0 current capacity: 128.0  avg impact: 0.0
	bin: 25.0 current capacity: 54.790047957771414  avg impact: 267.91876146641346
	bin: 26.0 current capacity: 59.11384338086195  avg impact: 267.91876146641346
	bin: 27.0 current capacity: 55.15465576619782  avg impact: 133.95938073320673
	bin: 29.0 current capacity: 43.87859280955293  avg impact: 133.95938073320673
	bin: 30.0 current capacity: 60.02845279860955  avg impact: 133.95938073320673
	bin: 31.0 current capacity: 63.25224500305771  avg impact: 267.91876146641346
	bin: 32.0 current capacity: 66.8179857736007  avg impact: 133.95938073320673
	bin: 33.0 current capacity: 79.65959638224597  avg impact: 401.8781421996202
	bin: 35.0 current capacity: 50.68666516463356  avg impact: 267.91876146641346
	bin: 37.0 current capacity: 33.101033184202905  avg impact: 133.95938073320673
	bin: 38.0 current capacity: 55.61608033731372  avg impact: 267.91876146641346
	bin: 39.0 current capacity: 64.90636969326339  avg impact: 535.8375229328269
	bin: 40.0 current capacity: 69.52473526666452  avg impact: 267.91876146641346
	bin: 41.0 current capacity: 53.251279410344715  avg impact: 133.95938073320673
	bin: 42.0 current capacity: 53.92281695580804  avg impact: 133.95938073320673
	bin: 43.0 current capacity: 43.02372139431588  avg impact: 133.95938073320673
	bin: 46.0 current capacity: 50.87205896552834  avg impact: 267.91876146641346
	bin: 49.0 current capacity: 70.61032497419346  avg impact: 401.8781421996202
num_full_bins: 1
printing bin ranks sorted:
	bin: 39.0 rank: 0.11774768956343898
	bin: 33.0 rank: 0.12028622246825872
	bin: 49.0 rank: 0.14280367355062581
	bin: 40.0 rank: 0.2182574464486168
	bin: 31.0 rank: 0.24166935769094738
	bin: 26.0 rank: 0.2571158370623241
	bin: 38.0 rank: 0.2701711491442543
	bin: 25.0 rank: 0.273254294105888
	bin: 46.0 rank: 0.28787808891144223
	bin: 35.0 rank: 0.2885700665836293
	bin: 32.0 rank: 0.4567206409250973
	bin: 30.0 rank: 0.507404161092402
	bin: 27.0 rank: 0.54378680936784
	bin: 42.0 rank: 0.5529824237671265
	bin: 41.0 rank: 0.557995417570082
	bin: 29.0 rank: 0.627962048869001
	bin: 43.0 rank: 0.6343436207347265
	bin: 37.0 rank: 0.7084159862219557
acceptable_ratio: 0
addr: 000008f4 ri: 3160752
bin target: 15907328
	bin: 5.0 current capacity: 128.0  avg impact: 0.0
	bin: 25.0 current capacity: 54.790047957771414  avg impact: 5971.583765167852
	bin: 36.0 current capacity: 69.077730213396  avg impact: 6278.956387395797
	bin: 48.0 current capacity: 63.13894879139979  avg impact: 6510.906691557501
num_full_bins: 1
printing bin ranks sorted:
	bin: 36.0 rank: 0.009384086486869529
	bin: 48.0 rank: 0.009961907654536596
	bin: 25.0 rank: 0.012259721193104752
acceptable_ratio: 0
Final saturation:
	0.0,6582902.267615149
	1.0,14458722.802845448
	2.0,12645139.464769702
	3.0,7127158.267615149
	4.0,12826092.535230298
	5.0,15907328.0
	6.0,11637661.943647418
	7.0,11648768.0
	8.0,11769324.535230298
	9.0,11425911.014108015
	10.0,10842880.0
	11.0,12334749.197154552
	12.0,9906412.535230298
	13.0,9174272.0
	14.0,10359926.267615149
	15.0,7842304.746492866
	16.0,12655261.197154552
	17.0,10338934.267615149
	18.0,8005533.197154553
	19.0,11604342.267615149
	20.0,13991482.394309105
	21.0,10006134.267615149
	22.0,15257580.535230298
	23.0,12700179.464769702
	24.0,8197632.0
	25.0,6809088.0
	26.0,7346432.0
	27.0,6854400.0
	28.0,8968448.0
	29.0,5453056.0
	30.0,7460096.0
	31.0,7860736.0
	32.0,8303872.0
	33.0,9899776.0
	34.0,5355520.0
	35.0,6299136.0
	36.0,8584704.0
	37.0,4113664.0
	38.0,6911744.0
	39.0,8066304.0
	40.0,8640256.0
	41.0,6617856.0
	42.0,6701312.0
	43.0,5346816.0
	44.0,4758528.0
	45.0,6460928.0
	46.0,6322176.0
	47.0,5715968.0
	48.0,7846656.0
	49.0,8775168.746492866
Dump single leases (last one may be dual)
000008c8 e1a6 percentage 0.1017118388109526
000008c8 5e5 percentage 0.8982881611890474
00000800 1
000008a8 1
00000878 d
000008bc 2
00000888 3
000008d0 2
0000087c 2
00000910 1
00000904 2
000008e8 2
00000908 4
000008a0 6
00000858 2
000008dc 6
00000864 4
000008f8 1
0000089c 5b4
000008f4 c
00000900 1
0000086c 2
000008b4 1
00000890 3
00000840 2
00000920 4
00000918 1
0000082c 2
0000084c 7
00000838 5
0000091c 2
00000938 3
00000850 1
000009e0 2
00000a78 c
00000a48 1
000009d8 1
00000a7c 1
000009f0 2
000009c0 1
00000a34 2
00000a6c 2
00000a40 3f8
00000a2c 1
00000a04 2
000009fc e
00000a10 3e4
00000a84 1
00000a60 1
00000a14 1
000009ec c
00000a88 2
00000a8c 6
00000aa4 7
00000980 1
00000aa0 2
00000970 2
000009a8 2
00000968 1
00000998 2
0000097c 5
000009b4 7
000009a0 5
000009b8 1
00000a94 1
00000a9c 1
00000950 1
00000ab8 2
Dump dual leases

