sample rate: 0.00390625
000007bc,
	[1,2]

00000804,
	[17,43]
	[24,1]
	[68914,1]
	[111408,1]
	[292078,1]
	[162158,2]

00000828,
	[2,57]

00000840,
	[1,52]

00000848,
	[1,53]

000007d4,
	[10,57]

00000834,
	[7,53]

00000818,
	[17,58]
	[1792,4]

00000810,
	[2,59]

000007c4,
	[1,53]

00000838,
	[1,57]

000007d8,
	[1,52]

000007f8,
	[2,52]

00000844,
	[1,64]

000007f0,
	[1,55]

000007cc,
	[2,53]

00000820,
	[1,61]

00000808,
	[1,53]

00000860,
	[1,1]

000008ec,
	[1,55]

000008e8,
	[7,52]
	[14,2]

000008a4,
	[1,57]

00000888,
	[10,58]

0000088c,
	[1,57]

000008ac,
	[2,49]

00000880,
	[2,58]

000008d4,
	[1,52]

000008f8,
	[1,59]

000008dc,
	[2,57]

000008cc,
	[17,62]
	[1792,3]

00000910,
	[1,2]

000008f4,
	[1,62]

000008b8,
	[2047,51]
	[-17871,1]
	[-34536,1]
	[-115345,1]
	[-213805,1]

000008c4,
	[2,55]

000008fc,
	[1,54]

000008bc,
	[1,58]

00000878,
	[1,51]

00000870,
	[1,1]

00000904,
	[1,1]

len(carl_order):
43
Printing carl assignment order:
000007bc,1,1.0
00000840,1,1.0
00000848,1,1.0
000007c4,1,1.0
00000838,1,1.0
000007d8,1,1.0
00000844,1,1.0
000007f0,1,1.0
00000820,1,1.0
00000808,1,1.0
00000860,1,1.0
000008ec,1,1.0
000008a4,1,1.0
0000088c,1,1.0
000008d4,1,1.0
000008f8,1,1.0
00000910,1,1.0
000008f4,1,1.0
000008fc,1,1.0
000008bc,1,1.0
00000878,1,1.0
00000870,1,1.0
00000904,1,1.0
00000828,2,0.5
00000810,2,0.5
000007f8,2,0.5
000007cc,2,0.5
000008ac,2,0.5
00000880,2,0.5
000008dc,2,0.5
000008c4,2,0.5
00000834,7,0.14285714285714285
000008e8,14,0.1377551020408163
000007d4,10,0.1
00000888,10,0.1
000008cc,17,0.056108597285067875
00000818,17,0.05502846299810247
00000804,17,0.05162064825930372
00000804,24,0.023809523809523808
00000818,1792,0.0005633802816901409
000008cc,1792,0.0005633802816901409
000008b8,2047,0.00045299107341120043
00000804,292078,6.276707389944213e-06
assigning lease 1 to address 000007bc
Average Cache Occupancy Per Bin: [0.02,0.02,0.0,0.0,0.0,0.0,0.0,0.0,0.0,0.0,0.0,0.0,0.0,0.0,0.0,0.0,0.0,0.0,0.0,0.0,0.0,0.0,0.0,0.0,0.0,0.0,0.0,0.0,0.0,0.0,0.0,0.0,0.0,0.0,0.0,0.0,0.0,0.0,0.0,0.0,0.0,0.0,0.0,0.0,0.0,0.0,0.0,0.0,0.0,0.0]
Total cost: 256.0
assigning lease 1 to address 00000840
Average Cache Occupancy Per Bin: [0.10,0.07,0.10,0.05,0.13,0.05,0.02,0.0,0.05,0.02,0.02,0.02,0.0,0.07,0.05,0.05,0.10,0.02,0.05,0.05,0.13,0.0,0.05,0.07,0.05,0.0,0.0,0.0,0.0,0.0,0.0,0.0,0.0,0.0,0.0,0.0,0.0,0.0,0.0,0.0,0.0,0.0,0.0,0.0,0.0,0.0,0.0,0.0,0.0,0.0]
Total cost: 1024.0
assigning lease 1 to address 00000848
Average Cache Occupancy Per Bin: [0.13,0.07,0.15,0.13,0.13,0.10,0.15,0.10,0.10,0.10,0.02,0.05,0.10,0.13,0.07,0.10,0.15,0.05,0.18,0.10,0.18,0.07,0.07,0.13,0.13,0.0,0.0,0.0,0.0,0.0,0.0,0.0,0.0,0.0,0.0,0.0,0.0,0.0,0.0,0.0,0.0,0.0,0.0,0.0,0.0,0.0,0.0,0.0,0.0,0.0]
Total cost: 1280.0
assigning lease 1 to address 000007c4
Average Cache Occupancy Per Bin: [0.23,0.15,0.20,0.13,0.20,0.18,0.18,0.23,0.18,0.15,0.07,0.13,0.13,0.18,0.10,0.13,0.23,0.07,0.23,0.10,0.26,0.15,0.13,0.18,0.15,0.0,0.0,0.0,0.0,0.0,0.0,0.0,0.0,0.0,0.0,0.0,0.0,0.0,0.0,0.0,0.0,0.0,0.0,0.0,0.0,0.0,0.0,0.0,0.0,0.0]
Total cost: 2304.0
assigning lease 1 to address 00000838
Average Cache Occupancy Per Bin: [0.28,0.26,0.23,0.18,0.23,0.26,0.28,0.26,0.23,0.20,0.13,0.18,0.18,0.31,0.18,0.15,0.26,0.10,0.28,0.20,0.31,0.18,0.23,0.26,0.20,0.0,0.0,0.0,0.0,0.0,0.0,0.0,0.0,0.0,0.0,0.0,0.0,0.0,0.0,0.0,0.0,0.0,0.0,0.0,0.0,0.0,0.0,0.0,0.0,0.0]
Total cost: 2816.0
assigning lease 1 to address 000007d8
Average Cache Occupancy Per Bin: [0.33,0.28,0.28,0.20,0.33,0.36,0.31,0.28,0.33,0.20,0.20,0.23,0.28,0.33,0.23,0.20,0.33,0.18,0.36,0.23,0.33,0.20,0.28,0.28,0.28,0.0,0.0,0.0,0.0,0.0,0.0,0.0,0.0,0.0,0.0,0.0,0.0,0.0,0.0,0.0,0.0,0.0,0.0,0.0,0.0,0.0,0.0,0.0,0.0,0.0]
Total cost: 3328.0
assigning lease 1 to address 00000844
Average Cache Occupancy Per Bin: [0.36,0.33,0.33,0.31,0.39,0.41,0.39,0.36,0.44,0.28,0.23,0.36,0.39,0.41,0.28,0.26,0.39,0.20,0.44,0.36,0.39,0.23,0.31,0.31,0.41,0.0,0.0,0.0,0.0,0.0,0.0,0.0,0.0,0.0,0.0,0.0,0.0,0.0,0.0,0.0,0.0,0.0,0.0,0.0,0.0,0.0,0.0,0.0,0.0,0.0]
Total cost: 3584.0
assigning lease 1 to address 000007f0
Average Cache Occupancy Per Bin: [0.41,0.36,0.41,0.36,0.44,0.49,0.41,0.44,0.49,0.33,0.31,0.36,0.46,0.49,0.33,0.33,0.46,0.26,0.46,0.36,0.39,0.36,0.36,0.33,0.57,0.0,0.0,0.0,0.0,0.0,0.0,0.0,0.0,0.0,0.0,0.0,0.0,0.0,0.0,0.0,0.0,0.0,0.0,0.0,0.0,0.0,0.0,0.0,0.0,0.0]
Total cost: 4096.0
assigning lease 1 to address 00000820
Average Cache Occupancy Per Bin: [0.49,0.41,0.49,0.41,0.46,0.49,0.49,0.49,0.49,0.44,0.33,0.46,0.54,0.65,0.41,0.46,0.57,0.33,0.57,0.41,0.39,0.41,0.41,0.33,0.62,0.0,0.0,0.0,0.0,0.0,0.0,0.0,0.0,0.0,0.0,0.0,0.0,0.0,0.0,0.0,0.0,0.0,0.0,0.0,0.0,0.0,0.0,0.0,0.0,0.0]
Total cost: 4864.0
assigning lease 1 to address 00000808
Average Cache Occupancy Per Bin: [0.49,0.46,0.59,0.46,0.52,0.57,0.54,0.49,0.52,0.52,0.39,0.52,0.57,0.80,0.46,0.57,0.70,0.33,0.57,0.46,0.46,0.46,0.44,0.39,0.67,0.0,0.0,0.0,0.0,0.0,0.0,0.0,0.0,0.0,0.0,0.0,0.0,0.0,0.0,0.0,0.0,0.0,0.0,0.0,0.0,0.0,0.0,0.0,0.0,0.0]
Total cost: 4864.0
assigning lease 1 to address 00000860
Average Cache Occupancy Per Bin: [0.49,0.49,0.59,0.46,0.52,0.57,0.54,0.49,0.52,0.52,0.39,0.52,0.57,0.80,0.46,0.57,0.70,0.33,0.57,0.46,0.46,0.46,0.44,0.39,0.67,0.0,0.0,0.0,0.0,0.0,0.0,0.0,0.0,0.0,0.0,0.0,0.0,0.0,0.0,0.0,0.0,0.0,0.0,0.0,0.0,0.0,0.0,0.0,0.0,0.0]
Total cost: 4864.0
assigning lease 1 to address 000008ec
Average Cache Occupancy Per Bin: [0.49,0.49,0.59,0.46,0.52,0.57,0.54,0.49,0.52,0.52,0.39,0.52,0.57,0.80,0.46,0.57,0.70,0.33,0.57,0.46,0.46,0.46,0.44,0.39,0.67,0.07,0.13,0.02,0.10,0.10,0.02,0.13,0.07,0.02,0.0,0.05,0.0,0.02,0.02,0.05,0.13,0.02,0.07,0.10,0.02,0.02,0.07,0.05,0.05,0.0]
Total cost: 4864.0
assigning lease 1 to address 000008a4
Average Cache Occupancy Per Bin: [0.49,0.49,0.59,0.46,0.52,0.57,0.54,0.49,0.52,0.52,0.39,0.52,0.57,0.80,0.46,0.57,0.70,0.33,0.57,0.46,0.46,0.46,0.44,0.39,0.67,0.15,0.15,0.05,0.20,0.18,0.07,0.15,0.10,0.07,0.07,0.13,0.05,0.07,0.05,0.10,0.20,0.05,0.10,0.15,0.10,0.13,0.28,0.10,0.10,0.0]
Total cost: 4864.0
assigning lease 1 to address 0000088c
Average Cache Occupancy Per Bin: [0.49,0.49,0.59,0.46,0.52,0.57,0.54,0.49,0.52,0.52,0.39,0.52,0.57,0.80,0.46,0.57,0.70,0.33,0.57,0.46,0.46,0.46,0.44,0.39,0.67,0.23,0.23,0.13,0.31,0.26,0.10,0.26,0.13,0.10,0.10,0.18,0.07,0.15,0.05,0.15,0.33,0.13,0.15,0.26,0.13,0.15,0.33,0.15,0.13,0.10]
Total cost: 4864.0
assigning lease 1 to address 000008d4
Average Cache Occupancy Per Bin: [0.49,0.49,0.59,0.46,0.52,0.57,0.54,0.49,0.52,0.52,0.39,0.52,0.57,0.80,0.46,0.57,0.70,0.33,0.57,0.46,0.46,0.46,0.44,0.39,0.67,0.28,0.28,0.18,0.33,0.33,0.15,0.26,0.18,0.13,0.20,0.20,0.10,0.23,0.07,0.20,0.41,0.15,0.26,0.31,0.18,0.23,0.36,0.26,0.23,0.13]
Total cost: 4864.0
assigning lease 1 to address 000008f8
Average Cache Occupancy Per Bin: [0.49,0.49,0.59,0.46,0.52,0.57,0.54,0.49,0.52,0.52,0.39,0.52,0.57,0.80,0.46,0.57,0.70,0.33,0.57,0.46,0.46,0.46,0.44,0.39,0.67,0.31,0.44,0.23,0.39,0.39,0.23,0.33,0.28,0.20,0.26,0.23,0.15,0.26,0.10,0.28,0.46,0.20,0.31,0.36,0.26,0.36,0.46,0.31,0.26,0.13]
Total cost: 4864.0
assigning lease 1 to address 00000910
Average Cache Occupancy Per Bin: [0.49,0.49,0.59,0.46,0.52,0.57,0.54,0.49,0.52,0.52,0.39,0.52,0.57,0.80,0.46,0.57,0.70,0.33,0.57,0.46,0.46,0.46,0.44,0.39,0.67,0.33,0.44,0.23,0.39,0.39,0.23,0.33,0.28,0.20,0.26,0.23,0.15,0.26,0.10,0.28,0.46,0.20,0.31,0.36,0.26,0.36,0.49,0.31,0.26,0.13]
Total cost: 4864.0
assigning lease 1 to address 000008f4
Average Cache Occupancy Per Bin: [0.49,0.49,0.59,0.46,0.52,0.57,0.54,0.49,0.52,0.52,0.39,0.52,0.57,0.80,0.46,0.57,0.70,0.33,0.57,0.46,0.46,0.46,0.44,0.39,0.67,0.39,0.49,0.28,0.41,0.52,0.26,0.36,0.36,0.20,0.36,0.33,0.18,0.39,0.20,0.39,0.54,0.28,0.33,0.41,0.39,0.44,0.52,0.36,0.28,0.18]
Total cost: 4864.0
assigning lease 1 to address 000008fc
Average Cache Occupancy Per Bin: [0.49,0.49,0.59,0.46,0.52,0.57,0.54,0.49,0.52,0.52,0.39,0.52,0.57,0.80,0.46,0.57,0.70,0.33,0.57,0.46,0.46,0.46,0.44,0.39,0.67,0.39,0.59,0.36,0.49,0.59,0.28,0.41,0.39,0.31,0.39,0.39,0.28,0.41,0.23,0.46,0.62,0.33,0.36,0.52,0.46,0.49,0.54,0.39,0.36,0.20]
Total cost: 4864.0
assigning lease 1 to address 000008bc
Average Cache Occupancy Per Bin: [0.49,0.49,0.59,0.46,0.52,0.57,0.54,0.49,0.52,0.52,0.39,0.52,0.57,0.80,0.46,0.57,0.70,0.33,0.57,0.46,0.46,0.46,0.44,0.39,0.67,0.39,0.72,0.44,0.52,0.67,0.39,0.46,0.41,0.36,0.46,0.41,0.41,0.46,0.26,0.54,0.75,0.39,0.41,0.57,0.49,0.52,0.59,0.41,0.49,0.23]
Total cost: 4864.0
assigning lease 1 to address 00000878
Average Cache Occupancy Per Bin: [0.49,0.49,0.59,0.46,0.52,0.57,0.54,0.49,0.52,0.52,0.39,0.52,0.57,0.80,0.46,0.57,0.70,0.33,0.57,0.46,0.46,0.46,0.44,0.39,0.67,0.39,0.83,0.49,0.59,0.78,0.46,0.46,0.41,0.46,0.54,0.44,0.44,0.52,0.33,0.57,0.75,0.49,0.44,0.65,0.57,0.52,0.65,0.49,0.57,0.26]
Total cost: 4864.0
assigning lease 1 to address 00000870
Average Cache Occupancy Per Bin: [0.49,0.49,0.59,0.46,0.52,0.57,0.54,0.49,0.52,0.52,0.39,0.52,0.57,0.80,0.46,0.57,0.70,0.33,0.57,0.46,0.46,0.46,0.44,0.39,0.67,0.39,0.83,0.49,0.59,0.78,0.46,0.46,0.41,0.49,0.54,0.44,0.44,0.52,0.33,0.57,0.75,0.49,0.44,0.65,0.57,0.52,0.65,0.49,0.57,0.26]
Total cost: 4864.0
assigning lease 1 to address 00000904
Average Cache Occupancy Per Bin: [0.49,0.49,0.59,0.46,0.52,0.57,0.54,0.49,0.52,0.52,0.39,0.52,0.57,0.80,0.46,0.57,0.70,0.33,0.57,0.46,0.46,0.46,0.44,0.39,0.67,0.39,0.83,0.49,0.59,0.78,0.46,0.46,0.41,0.49,0.54,0.44,0.44,0.52,0.33,0.57,0.75,0.49,0.44,0.65,0.57,0.52,0.67,0.49,0.57,0.26]
Total cost: 4864.0
assigning lease 2 to address 00000828
Average Cache Occupancy Per Bin: [0.65,0.54,0.80,0.72,0.52,0.57,0.70,0.65,0.67,0.52,0.54,0.62,0.67,0.91,0.57,0.57,0.80,0.49,0.67,0.62,0.67,0.62,0.54,0.49,0.83,0.39,0.83,0.49,0.59,0.78,0.46,0.46,0.41,0.49,0.54,0.44,0.44,0.52,0.33,0.57,0.75,0.49,0.44,0.65,0.57,0.52,0.67,0.49,0.57,0.26]
Total cost: 6400.0
assigning lease 2 to address 00000810
Average Cache Occupancy Per Bin: [0.80,0.75,0.96,0.83,0.52,0.62,0.70,0.85,0.88,0.62,0.54,0.88,0.83,1.06,0.67,0.57,0.85,0.75,0.72,0.72,0.72,0.88,0.70,0.59,0.98,0.39,0.83,0.49,0.59,0.78,0.46,0.46,0.41,0.49,0.54,0.44,0.44,0.52,0.33,0.57,0.75,0.49,0.44,0.65,0.57,0.52,0.67,0.49,0.57,0.26]
Total cost: 7936.0
assigning lease 2 to address 000007f8
Average Cache Occupancy Per Bin: [0.96,0.91,1.12,1.04,0.62,0.62,0.75,0.96,0.88,0.67,0.65,0.93,0.88,1.27,0.78,0.62,1.01,0.96,0.83,0.93,0.98,0.88,0.75,0.70,1.04,0.39,0.83,0.49,0.59,0.78,0.46,0.46,0.41,0.49,0.54,0.44,0.44,0.52,0.33,0.57,0.75,0.49,0.44,0.65,0.57,0.52,0.67,0.49,0.57,0.26]
Total cost: 9472.0
assigning lease 2 to address 000007cc
Average Cache Occupancy Per Bin: [1.12,0.91,1.17,1.25,0.78,0.67,0.91,1.01,0.88,0.78,0.75,1.04,1.14,1.38,0.98,0.78,1.22,1.12,0.88,0.93,1.04,1.04,0.85,0.70,1.19,0.39,0.83,0.49,0.59,0.78,0.46,0.46,0.41,0.49,0.54,0.44,0.44,0.52,0.33,0.57,0.75,0.49,0.44,0.65,0.57,0.52,0.67,0.49,0.57,0.26]
Total cost: 11008.0
assigning lease 2 to address 000008ac
Average Cache Occupancy Per Bin: [1.12,0.91,1.17,1.25,0.78,0.67,0.91,1.01,0.88,0.78,0.75,1.04,1.14,1.38,0.98,0.78,1.22,1.12,0.88,0.93,1.04,1.04,0.85,0.70,1.19,0.44,0.93,0.54,0.65,0.83,0.52,0.52,0.46,0.65,0.75,0.59,0.54,0.57,0.54,0.72,0.85,0.70,0.59,0.70,0.62,0.62,0.72,0.54,0.72,0.36]
Total cost: 11008.0
assigning lease 2 to address 00000880
Average Cache Occupancy Per Bin: [1.12,0.91,1.17,1.25,0.78,0.67,0.91,1.01,0.88,0.78,0.75,1.04,1.14,1.38,0.98,0.78,1.22,1.12,0.88,0.93,1.04,1.04,0.85,0.70,1.19,0.59,1.19,0.65,0.75,0.88,0.72,0.72,0.62,0.65,0.91,0.70,0.59,0.78,0.70,0.72,1.01,0.75,0.70,0.70,0.67,0.67,0.88,0.65,0.93,0.57]
Total cost: 11008.0
assigning lease 2 to address 000008dc
Average Cache Occupancy Per Bin: [1.12,0.91,1.17,1.25,0.78,0.67,0.91,1.01,0.88,0.78,0.75,1.04,1.14,1.38,0.98,0.78,1.22,1.12,0.88,0.93,1.04,1.04,0.85,0.70,1.19,0.80,1.19,0.91,0.85,1.09,0.83,0.72,0.72,0.70,1.01,0.91,0.70,0.93,0.80,0.93,1.12,0.85,0.75,0.91,0.78,0.72,0.98,0.80,0.98,0.67]
Total cost: 11008.0
assigning lease 2 to address 000008c4
Average Cache Occupancy Per Bin: [1.12,0.91,1.17,1.25,0.78,0.67,0.91,1.01,0.88,0.78,0.75,1.04,1.14,1.38,0.98,0.78,1.22,1.12,0.88,0.93,1.04,1.04,0.85,0.70,1.19,0.85,1.40,0.96,0.96,1.09,0.98,0.78,0.88,0.96,1.06,1.01,0.70,1.09,0.96,1.09,1.27,1.01,0.75,1.12,0.88,0.72,1.09,0.85,1.19,0.88]
Total cost: 11008.0
assigning lease 7 to address 00000834
Average Cache Occupancy Per Bin: [1.66,1.09,1.17,1.43,1.51,1.04,1.27,1.56,1.97,0.96,0.93,1.58,1.14,2.29,0.98,0.96,1.77,1.12,1.25,1.30,1.58,1.95,1.40,0.88,1.38,0.85,1.40,0.96,0.96,1.09,0.98,0.78,0.88,0.96,1.06,1.01,0.70,1.09,0.96,1.09,1.27,1.01,0.75,1.12,0.88,0.72,1.09,0.85,1.19,0.88]
Total cost: 16384.0
assigning lease 14 to address 000008e8
Average Cache Occupancy Per Bin: [1.66,1.09,1.17,1.43,1.51,1.04,1.27,1.56,1.97,0.96,0.93,1.58,1.14,2.29,0.98,0.96,1.77,1.12,1.25,1.30,1.58,1.95,1.40,0.88,1.38,1.22,2.13,1.32,1.32,1.09,1.90,0.78,0.88,1.51,1.06,1.92,1.25,1.09,1.14,1.45,2.00,1.38,1.12,1.84,1.25,0.72,1.45,1.95,1.19,1.79]
Total cost: 16384.0
assigning lease 10 to address 000007d4
Average Cache Occupancy Per Bin: [2.44,2.39,1.43,1.69,2.03,1.82,2.57,1.56,2.24,1.48,1.97,2.89,1.14,3.85,1.77,0.96,2.03,2.16,1.25,1.30,2.11,2.47,2.18,1.66,1.64,1.22,2.13,1.32,1.32,1.09,1.90,0.78,0.88,1.51,1.06,1.92,1.25,1.09,1.14,1.45,2.00,1.38,1.12,1.84,1.25,0.72,1.45,1.95,1.19,1.79]
Total cost: 24064.0
assigning lease 10 to address 00000888
Average Cache Occupancy Per Bin: [2.44,2.39,1.43,1.69,2.03,1.82,2.57,1.56,2.24,1.48,1.97,2.89,1.14,3.85,1.77,0.96,2.03,2.16,1.25,1.30,2.11,2.47,2.18,1.66,1.64,2.26,2.91,1.84,2.11,1.35,2.68,1.30,2.44,2.29,1.32,2.44,1.77,1.61,1.40,2.50,2.26,1.90,1.64,1.84,2.03,1.25,1.97,2.21,1.71,2.83]
Total cost: 24064.0
assigning lease 17 to address 000008cc
Average Cache Occupancy Per Bin: [2.44,2.39,1.43,1.69,2.03,1.82,2.57,1.56,2.24,1.48,1.97,2.89,1.14,3.85,1.77,0.96,2.03,2.16,1.25,1.30,2.11,2.47,2.18,1.66,1.64,4.03,3.36,3.17,3.43,2.68,2.68,2.18,3.77,2.73,2.21,3.77,3.10,2.50,3.17,3.82,3.59,4.11,3.85,2.73,2.91,3.90,3.30,2.21,2.60,2.83]
Total cost: 24064.0
assigning lease 17 to address 00000818
Average Cache Occupancy Per Bin: [3.33,3.28,1.87,3.02,3.80,3.59,4.35,2.89,2.68,2.37,3.30,3.33,2.91,5.18,3.10,1.84,2.91,3.04,2.13,2.63,4.32,3.36,2.18,2.55,2.52,4.03,3.36,3.17,3.43,2.68,2.68,2.18,3.77,2.73,2.21,3.77,3.10,2.50,3.17,3.82,3.59,4.11,3.85,2.73,2.91,3.90,3.30,2.21,2.60,2.83]
Total cost: 32768.0
assigning lease 17 to address 00000804
Average Cache Occupancy Per Bin: [4.66,3.72,1.87,3.90,4.68,3.59,4.79,3.33,4.89,3.69,3.75,3.33,3.36,6.95,4.42,2.73,4.24,3.04,2.57,3.07,4.76,3.80,3.95,3.43,3.41,4.48,3.36,3.17,3.43,2.68,2.68,2.63,3.77,3.62,2.21,3.77,3.54,2.50,3.17,3.82,3.59,4.11,3.85,2.73,2.91,3.90,3.30,2.21,2.60,2.83]
Total cost: 45824.0
assigning lease 24 to address 00000804
Average Cache Occupancy Per Bin: [4.66,3.72,1.87,3.90,4.68,3.59,4.79,3.33,4.89,3.69,3.75,3.33,3.36,7.13,4.42,2.73,4.24,3.04,2.57,3.07,4.76,3.80,3.95,3.43,3.41,4.66,3.36,3.17,3.43,2.68,2.68,2.81,3.77,3.98,2.21,3.77,3.72,2.50,3.17,3.82,3.59,4.11,3.85,2.73,2.91,3.90,3.30,2.21,2.60,2.83]
Total cost: 45824.0
assigning lease 1792 to address 00000818
Average Cache Occupancy Per Bin: [4.66,3.72,48.1,3.90,4.68,49.8,4.79,49.5,4.89,3.69,3.75,3.33,3.36,53.3,4.42,2.73,4.24,3.04,2.57,3.07,4.76,3.80,3.95,3.43,3.41,4.66,3.36,3.17,3.43,2.68,2.68,2.81,3.77,3.98,2.21,3.77,3.72,2.50,3.17,3.82,3.59,4.11,3.85,2.73,2.91,3.90,3.30,2.21,2.60,2.83]
Total cost: 45824.0
assigning lease 1792 to address 000008cc
Average Cache Occupancy Per Bin: [4.66,3.72,48.1,3.90,4.68,49.8,4.79,49.5,4.89,3.69,3.75,3.33,3.36,53.3,4.42,2.73,4.24,3.04,2.57,3.07,4.76,3.80,3.95,3.43,3.41,4.66,3.36,3.17,3.43,2.68,2.68,2.81,3.77,3.98,2.21,3.77,3.72,2.50,3.17,3.82,3.59,50.3,3.85,2.73,49.1,50.1,3.30,2.21,2.60,2.83]
Total cost: 45824.0
addr: 000008b8 ri: 2047
bin target: 1257856
	bin: 26.0 current capacity: 3.3605372952070827  avg impact: 213.30294087717513
	bin: 32.0 current capacity: 3.777348122519589  avg impact: 159.97720565788134
	bin: 34.0 current capacity: 2.21430752009769  avg impact: 159.97720565788134
	bin: 35.0 current capacity: 3.777348122519589  avg impact: 159.97720565788134
	bin: 36.0 current capacity: 3.7252467691055258  avg impact: 159.97720565788134
	bin: 37.0 current capacity: 2.500864963875038  avg impact: 213.30294087717513
	bin: 40.0 current capacity: 3.5949933855703673  avg impact: 213.30294087717513
	bin: 43.0 current capacity: 2.735321054238323  avg impact: 159.97720565788134
	bin: 47.0 current capacity: 2.21430752009769  avg impact: 159.97720565788134
	bin: 49.0 current capacity: 2.8395237610664497  avg impact: 319.9544113157627
num_full_bins: 0
printing bin ranks sorted:
	bin: 49.0 rank: 0.39118221787982416
	selecting this^ bin
	bin: 40.0 rank: 0.5832315583781144
	bin: 26.0 rank: 0.5843307278944797
	bin: 37.0 rank: 0.5883610161211529
	bin: 32.0 rank: 0.7765021983390328
	bin: 35.0 rank: 0.7765021983390328
	bin: 36.0 rank: 0.7768278781957336
	bin: 43.0 rank: 0.78301579547305
	bin: 34.0 rank: 0.7862725940400587
	bin: 47.0 rank: 0.7862725940400587
acceptable_ratio: 0.39118221787982416
Assigning 000008b8 dual lease lease 2047 * 0.39118221787982416. Bin saturation: [4.66,3.72,48.1,3.90,4.68,49.8,4.79,49.5,4.89,3.69,3.75,3.33,3.36,53.3,4.42,2.73,4.24,3.04,2.57,3.07,4.76,3.80,3.95,3.43,3.41,46.3,86.8,24.0,24.2,23.5,23.5,44.5,66.3,45.7,64.7,66.3,66.3,85.9,44.8,24.6,87.0,71.2,45.5,65.3,70.0,71.0,3.30,64.7,23.4,128.]
addr: 00000804 ri: 292078
bin target: 1257856
	bin: 25.0 current capacity: 46.38322987686985  avg impact: 1794.6311183474102
	bin: 31.0 current capacity: 44.5336318306706  avg impact: 2901.628574336013
	bin: 33.0 current capacity: 45.70591228248703  avg impact: 11831.90475221329
	bin: 36.0 current capacity: 66.3054848885723  avg impact: 4223.7004172178695
	bin: 49.0 current capacity: 128.0  avg impact: 0.0
num_full_bins: 1
printing bin ranks sorted:
	bin: 33.0 rank: 0.006955269624032339
	bin: 36.0 rank: 0.014606745038054942
	bin: 31.0 rank: 0.028765352294764058
	bin: 25.0 rank: 0.045478298737117145
acceptable_ratio: 0
Final saturation:
	0.0,45824.0
	1.0,36608.0
	2.0,472832.0
	3.0,38400.0
	4.0,46080.0
	5.0,489728.0
	6.0,47104.0
	7.0,487168.0
	8.0,48128.0
	9.0,36352.0
	10.0,36864.0
	11.0,32768.0
	12.0,33024.0
	13.0,524544.0
	14.0,43520.0
	15.0,26880.0
	16.0,41728.0
	17.0,29952.0
	18.0,25344.0
	19.0,30208.0
	20.0,46848.0
	21.0,37376.0
	22.0,38912.0
	23.0,33792.0
	24.0,33536.0
	25.0,455808.0
	26.0,852992.0
	27.0,236224.0
	28.0,238784.0
	29.0,231360.0
	30.0,231360.0
	31.0,437632.0
	32.0,652096.0
	33.0,449152.0
	34.0,636736.0
	35.0,652096.0
	36.0,651584.0
	37.0,844544.0
	38.0,441216.0
	39.0,242624.0
	40.0,855296.0
	41.0,699840.0
	42.0,447872.0
	43.0,641856.0
	44.0,688064.0
	45.0,697792.0
	46.0,32512.0
	47.0,636736.0
	48.0,230592.0
	49.0,1257856.0
Dump single leases (last one may be dual)
000008b8 7ff percentage 0.39118221787982416
000008b8 0 percentage 0.6088177821201759
000007bc 1
00000804 18
00000828 2
00000840 1
00000848 1
000007d4 a
00000834 7
00000818 700
00000810 2
000007c4 1
00000838 1
000007d8 1
000007f8 2
00000844 1
000007f0 1
000007cc 2
00000820 1
00000808 1
00000860 1
000008ec 1
000008e8 e
000008a4 1
00000888 a
0000088c 1
000008ac 2
00000880 2
000008d4 1
000008f8 1
000008dc 2
000008cc 700
00000910 1
000008f4 1
000008c4 2
000008fc 1
000008bc 1
00000878 1
00000870 1
00000904 1
Dump dual leases

