sample rate: 0.00390625
0000081c,
	[9,1]

00000934,
	[2,477]
	[4,9]

00000880,
	[2,524]

000008d0,
	[20,398]
	[911,28]
	[1151,3]
	[991,4]
	[1071,3]

000008bc,
	[4,500]

000008c4,
	[2,484]

00000924,
	[1,486]

0000092c,
	[1,459]

000008d4,
	[2,444]

00000914,
	[2,464]

000008f4,
	[1211,440]
	[42365,10]
	[1238,6]
	[42392,21]
	[-8508946,1]
	[-8470494,1]
	[-8473236,1]

00000894,
	[2,454]

000008e0,
	[4,460]

00000920,
	[8,483]
	[12,9]

000008fc,
	[2,429]

0000088c,
	[4,469]

00000930,
	[2,463]

00000908,
	[6,445]

000008a0,
	[12,425]

000008e8,
	[2,493]

000008a4,
	[2,463]

00000874,
	[7,7]

0000093c,
	[1,11]

00000854,
	[2,8]

00000860,
	[5,5]

00000868,
	[2,7]

0000094c,
	[2,4]

00000944,
	[1,8]

00000878,
	[1,7]

00000948,
	[2,5]

00000954,
	[1,1]

000009b4,
	[1,1091]

00000a10,
	[2,1124]

00000a48,
	[8,1096]
	[12,15]
	[1420695,1]

000009fc,
	[1,1048]

00000a08,
	[1,1108]

000009bc,
	[2,1070]

000009cc,
	[1,1141]

000009f8,
	[20,1011]
	[1311,55]
	[-6553386,1]
	[-5199742,1]

00000a5c,
	[20,1075]
	[4,15]

000009ec,
	[2,1078]

00000a24,
	[1,1113]

00000a54,
	[1,1100]

00000a3c,
	[2,1044]

00000a30,
	[1,1065]

000009e4,
	[1,1094]

000009c8,
	[12,1083]

00000a1c,
	[1611,1003]
	[88585,18]
	[88612,58]
	[1638,10]
	[-2831821,1]
	[-2841547,1]
	[-2886135,1]

00000a58,
	[2,1162]

000009a8,
	[1,1055]

00000a4c,
	[1,1077]

00000a64,
	[1,16]

0000097c,
	[1,13]

00000a6c,
	[1,22]

00000990,
	[2,16]

00000a70,
	[2,13]

000009a0,
	[1,15]

0000099c,
	[7,14]

00000a74,
	[7,9]

00000988,
	[1,10]

00000a84,
	[1,1]

00000b64,
	[8,527]
	[12,9]
	[-2717848,1]
	[-2281054,1]

00000af0,
	[12,523]

00000b14,
	[20,521]
	[991,2]
	[711,31]
	[831,2]
	[871,3]
	[791,2]
	[911,1]
	[951,4]

00000b74,
	[2,536]

00000b24,
	[1,579]

00000b70,
	[1,531]

00000b58,
	[2,550]

00000b18,
	[1,580]

00000adc,
	[1,549]

00000b38,
	[1011,515]
	[1038,8]
	[55612,25]
	[55585,10]
	[-47104,1]

00000ae4,
	[2,517]

00000b78,
	[6,542]
	[4,7]

00000b4c,
	[1,553]

00000b40,
	[1,548]

00000b2c,
	[2,548]

00000ac8,
	[1,4]

00000b68,
	[1,542]

00000af4,
	[2,531]

00000b08,
	[2,535]

00000ad0,
	[1,528]

00000b00,
	[14,546]

00000b80,
	[1,12]

00000ab0,
	[1,8]

00000b8c,
	[2,14]

00000aa4,
	[1,12]

00000a9c,
	[1,2]

00000b90,
	[7,11]

00000ab8,
	[2,15]

00000b88,
	[1,6]

00000ac4,
	[7,11]

len(carl_order):
98
Printing carl assignment order:
00000924,1,1.0
0000092c,1,1.0
0000093c,1,1.0
00000944,1,1.0
00000878,1,1.0
00000954,1,1.0
000009b4,1,1.0
000009fc,1,1.0
00000a08,1,1.0
000009cc,1,1.0
00000a24,1,1.0
00000a54,1,1.0
00000a30,1,1.0
000009e4,1,1.0
000009a8,1,1.0
00000a4c,1,1.0
00000a64,1,1.0
0000097c,1,1.0
00000a6c,1,1.0
000009a0,1,1.0
00000988,1,1.0
00000a84,1,1.0
00000b24,1,1.0
00000b70,1,1.0
00000b18,1,1.0
00000adc,1,1.0
00000b4c,1,1.0
00000b40,1,1.0
00000ac8,1,1.0
00000b68,1,1.0
00000ad0,1,1.0
00000b80,1,1.0
00000ab0,1,1.0
00000aa4,1,1.0
00000a9c,1,1.0
00000b88,1,1.0
00000880,2,0.5
000008c4,2,0.5
000008d4,2,0.5
00000914,2,0.5
00000894,2,0.5
000008fc,2,0.5
00000930,2,0.5
000008e8,2,0.5
000008a4,2,0.5
00000854,2,0.5
00000868,2,0.5
0000094c,2,0.5
00000948,2,0.5
00000a10,2,0.5
000009bc,2,0.5
000009ec,2,0.5
00000a3c,2,0.5
00000a58,2,0.5
00000990,2,0.5
00000a70,2,0.5
00000b74,2,0.5
00000b58,2,0.5
00000ae4,2,0.5
00000b2c,2,0.5
00000af4,2,0.5
00000b08,2,0.5
00000b8c,2,0.5
00000ab8,2,0.5
00000934,4,0.4909090909090909
000008bc,4,0.25
000008e0,4,0.25
0000088c,4,0.25
00000860,5,0.2
00000b78,6,0.16737804878048781
00000908,6,0.16666666666666666
00000874,7,0.14285714285714285
0000099c,7,0.14285714285714285
00000a74,7,0.14285714285714285
00000b90,7,0.14285714285714285
00000ac4,7,0.14285714285714285
00000a48,12,0.12399553571428572
00000920,12,0.12386706948640483
00000b64,12,0.12327506899724011
0000081c,9,0.1111111111111111
000008a0,12,0.08333333333333333
000009c8,12,0.08333333333333333
00000af0,12,0.08333333333333333
00000b00,14,0.07142857142857142
00000a5c,20,0.050556586270871985
000009f8,20,0.047331460674157305
00000b14,20,0.04602473498233216
000008d0,20,0.04564220183486239
00000b14,991,0.001335509719542959
000008d0,1151,0.0010741138560687433
00000b38,1038,0.0009234784236240966
000008f4,1238,0.0007658493028367333
000009f8,1311,0.0007474146248658051
00000a1c,1638,0.0005750405167985059
000008f4,42392,2.2159223312074774e-05
00000b38,55612,1.781719960455998e-05
00000a1c,88612,1.1061850298233306e-05
00000a48,1420695,7.03886792479392e-07
assigning lease 1 to address 00000924
Average Cache Occupancy Per Bin: [0.04,0.04,0.03,0.07,0.05,0.05,0.05,0.04,0.05,0.04,0.05,0.00,0.0,0.0,0.0,0.0,0.0,0.0,0.0,0.0,0.0,0.0,0.0,0.0,0.0,0.0,0.0,0.0,0.0,0.0,0.0,0.0,0.0,0.0,0.0,0.0,0.0,0.0,0.0,0.0,0.0,0.0,0.0,0.0,0.0,0.0,0.0,0.0,0.0,0.0]
Total cost: 9728.0
assigning lease 1 to address 0000092c
Average Cache Occupancy Per Bin: [0.08,0.08,0.08,0.12,0.11,0.09,0.09,0.09,0.09,0.10,0.11,0.00,0.0,0.0,0.0,0.0,0.0,0.0,0.0,0.0,0.0,0.0,0.0,0.0,0.0,0.0,0.0,0.0,0.0,0.0,0.0,0.0,0.0,0.0,0.0,0.0,0.0,0.0,0.0,0.0,0.0,0.0,0.0,0.0,0.0,0.0,0.0,0.0,0.0,0.0]
Total cost: 19200.0
assigning lease 1 to address 0000093c
Average Cache Occupancy Per Bin: [0.09,0.08,0.08,0.12,0.11,0.09,0.09,0.09,0.09,0.10,0.11,0.00,0.0,0.0,0.0,0.0,0.0,0.0,0.0,0.0,0.0,0.0,0.0,0.0,0.0,0.0,0.0,0.0,0.0,0.0,0.0,0.0,0.0,0.0,0.0,0.0,0.0,0.0,0.0,0.0,0.0,0.0,0.0,0.0,0.0,0.0,0.0,0.0,0.0,0.0]
Total cost: 19968.0
assigning lease 1 to address 00000944
Average Cache Occupancy Per Bin: [0.09,0.08,0.08,0.12,0.12,0.09,0.09,0.09,0.09,0.11,0.11,0.00,0.0,0.0,0.0,0.0,0.0,0.0,0.0,0.0,0.0,0.0,0.0,0.0,0.0,0.0,0.0,0.0,0.0,0.0,0.0,0.0,0.0,0.0,0.0,0.0,0.0,0.0,0.0,0.0,0.0,0.0,0.0,0.0,0.0,0.0,0.0,0.0,0.0,0.0]
Total cost: 19968.0
assigning lease 1 to address 00000878
Average Cache Occupancy Per Bin: [0.09,0.08,0.08,0.12,0.12,0.09,0.09,0.10,0.09,0.11,0.11,0.00,0.0,0.0,0.0,0.0,0.0,0.0,0.0,0.0,0.0,0.0,0.0,0.0,0.0,0.0,0.0,0.0,0.0,0.0,0.0,0.0,0.0,0.0,0.0,0.0,0.0,0.0,0.0,0.0,0.0,0.0,0.0,0.0,0.0,0.0,0.0,0.0,0.0,0.0]
Total cost: 19968.0
assigning lease 1 to address 00000954
Average Cache Occupancy Per Bin: [0.09,0.08,0.08,0.12,0.12,0.09,0.09,0.10,0.09,0.11,0.11,0.00,0.0,0.0,0.0,0.0,0.0,0.0,0.0,0.0,0.0,0.0,0.0,0.0,0.0,0.0,0.0,0.0,0.0,0.0,0.0,0.0,0.0,0.0,0.0,0.0,0.0,0.0,0.0,0.0,0.0,0.0,0.0,0.0,0.0,0.0,0.0,0.0,0.0,0.0]
Total cost: 19968.0
assigning lease 1 to address 000009b4
Average Cache Occupancy Per Bin: [0.09,0.08,0.08,0.12,0.12,0.09,0.09,0.10,0.09,0.11,0.11,0.05,0.05,0.03,0.04,0.04,0.05,0.05,0.05,0.04,0.05,0.05,0.05,0.04,0.04,0.04,0.03,0.05,0.05,0.06,0.04,0.03,0.04,0.04,0.05,0.03,0.04,0.00,0.0,0.0,0.0,0.0,0.0,0.0,0.0,0.0,0.0,0.0,0.0,0.0]
Total cost: 19968.0
assigning lease 1 to address 000009fc
Average Cache Occupancy Per Bin: [0.09,0.08,0.08,0.12,0.12,0.09,0.09,0.10,0.09,0.11,0.11,0.10,0.09,0.09,0.09,0.09,0.10,0.10,0.08,0.10,0.09,0.10,0.10,0.10,0.09,0.09,0.07,0.09,0.09,0.10,0.09,0.09,0.07,0.09,0.10,0.08,0.10,0.00,0.0,0.0,0.0,0.0,0.0,0.0,0.0,0.0,0.0,0.0,0.0,0.0]
Total cost: 19968.0
assigning lease 1 to address 00000a08
Average Cache Occupancy Per Bin: [0.09,0.08,0.08,0.12,0.12,0.09,0.09,0.10,0.09,0.11,0.11,0.13,0.13,0.14,0.13,0.15,0.15,0.15,0.14,0.15,0.13,0.16,0.15,0.15,0.14,0.13,0.13,0.14,0.14,0.16,0.15,0.13,0.12,0.14,0.15,0.14,0.16,0.00,0.0,0.0,0.0,0.0,0.0,0.0,0.0,0.0,0.0,0.0,0.0,0.0]
Total cost: 19968.0
assigning lease 1 to address 000009cc
Average Cache Occupancy Per Bin: [0.09,0.08,0.08,0.12,0.12,0.09,0.09,0.10,0.09,0.11,0.11,0.18,0.19,0.20,0.19,0.19,0.20,0.19,0.19,0.21,0.19,0.21,0.19,0.20,0.20,0.19,0.17,0.20,0.19,0.21,0.20,0.18,0.16,0.19,0.21,0.19,0.21,0.00,0.0,0.0,0.0,0.0,0.0,0.0,0.0,0.0,0.0,0.0,0.0,0.0]
Total cost: 19968.0
assigning lease 1 to address 00000a24
Average Cache Occupancy Per Bin: [0.09,0.08,0.08,0.12,0.12,0.09,0.09,0.10,0.09,0.11,0.11,0.22,0.23,0.24,0.23,0.24,0.27,0.24,0.23,0.25,0.25,0.26,0.24,0.25,0.24,0.23,0.22,0.25,0.24,0.27,0.25,0.26,0.22,0.25,0.25,0.23,0.26,0.00,0.0,0.0,0.0,0.0,0.0,0.0,0.0,0.0,0.0,0.0,0.0,0.0]
Total cost: 19968.0
assigning lease 1 to address 00000a54
Average Cache Occupancy Per Bin: [0.09,0.08,0.08,0.12,0.12,0.09,0.09,0.10,0.09,0.11,0.11,0.29,0.28,0.29,0.28,0.29,0.30,0.29,0.28,0.30,0.30,0.31,0.30,0.31,0.29,0.28,0.28,0.30,0.30,0.31,0.30,0.30,0.27,0.29,0.31,0.28,0.31,0.00,0.0,0.0,0.0,0.0,0.0,0.0,0.0,0.0,0.0,0.0,0.0,0.0]
Total cost: 19968.0
assigning lease 1 to address 00000a30
Average Cache Occupancy Per Bin: [0.09,0.08,0.08,0.12,0.12,0.09,0.09,0.10,0.09,0.11,0.11,0.32,0.33,0.34,0.33,0.35,0.35,0.33,0.33,0.34,0.35,0.36,0.36,0.35,0.34,0.32,0.35,0.34,0.34,0.35,0.34,0.36,0.32,0.35,0.36,0.33,0.36,0.00,0.0,0.0,0.0,0.0,0.0,0.0,0.0,0.0,0.0,0.0,0.0,0.0]
Total cost: 19968.0
assigning lease 1 to address 000009e4
Average Cache Occupancy Per Bin: [0.09,0.08,0.08,0.12,0.12,0.09,0.09,0.10,0.09,0.11,0.11,0.36,0.38,0.39,0.39,0.40,0.39,0.38,0.38,0.41,0.39,0.40,0.41,0.39,0.40,0.38,0.40,0.39,0.39,0.41,0.41,0.41,0.37,0.40,0.40,0.37,0.41,0.00,0.0,0.0,0.0,0.0,0.0,0.0,0.0,0.0,0.0,0.0,0.0,0.0]
Total cost: 19968.0
assigning lease 1 to address 000009a8
Average Cache Occupancy Per Bin: [0.09,0.08,0.08,0.12,0.12,0.09,0.09,0.10,0.09,0.11,0.11,0.40,0.43,0.43,0.44,0.44,0.45,0.44,0.42,0.45,0.43,0.45,0.45,0.45,0.45,0.42,0.43,0.45,0.45,0.45,0.46,0.45,0.41,0.45,0.45,0.43,0.46,0.00,0.0,0.0,0.0,0.0,0.0,0.0,0.0,0.0,0.0,0.0,0.0,0.0]
Total cost: 19968.0
assigning lease 1 to address 00000a4c
Average Cache Occupancy Per Bin: [0.09,0.08,0.08,0.12,0.12,0.09,0.09,0.10,0.09,0.11,0.11,0.43,0.50,0.48,0.49,0.48,0.50,0.49,0.47,0.49,0.48,0.50,0.51,0.49,0.50,0.46,0.47,0.49,0.50,0.50,0.51,0.49,0.47,0.50,0.49,0.48,0.50,0.00,0.0,0.0,0.0,0.0,0.0,0.0,0.0,0.0,0.0,0.0,0.0,0.0]
Total cost: 19968.0
assigning lease 1 to address 00000a64
Average Cache Occupancy Per Bin: [0.09,0.08,0.08,0.12,0.12,0.09,0.09,0.10,0.09,0.11,0.11,0.43,0.50,0.49,0.49,0.48,0.50,0.49,0.47,0.50,0.48,0.50,0.51,0.49,0.50,0.46,0.47,0.49,0.50,0.50,0.51,0.50,0.47,0.50,0.49,0.48,0.50,0.00,0.0,0.0,0.0,0.0,0.0,0.0,0.0,0.0,0.0,0.0,0.0,0.0]
Total cost: 19968.0
assigning lease 1 to address 0000097c
Average Cache Occupancy Per Bin: [0.09,0.08,0.08,0.12,0.12,0.09,0.09,0.10,0.09,0.11,0.11,0.44,0.50,0.49,0.49,0.48,0.50,0.49,0.47,0.50,0.48,0.50,0.51,0.49,0.50,0.46,0.48,0.49,0.51,0.50,0.51,0.50,0.47,0.50,0.49,0.48,0.50,0.00,0.0,0.0,0.0,0.0,0.0,0.0,0.0,0.0,0.0,0.0,0.0,0.0]
Total cost: 19968.0
assigning lease 1 to address 00000a6c
Average Cache Occupancy Per Bin: [0.09,0.08,0.08,0.12,0.12,0.09,0.09,0.10,0.09,0.11,0.11,0.44,0.50,0.49,0.49,0.48,0.50,0.49,0.47,0.50,0.49,0.50,0.51,0.49,0.50,0.46,0.48,0.50,0.51,0.50,0.51,0.50,0.47,0.50,0.49,0.48,0.51,0.00,0.0,0.0,0.0,0.0,0.0,0.0,0.0,0.0,0.0,0.0,0.0,0.0]
Total cost: 19968.0
assigning lease 1 to address 000009a0
Average Cache Occupancy Per Bin: [0.09,0.08,0.08,0.12,0.12,0.09,0.09,0.10,0.09,0.11,0.11,0.44,0.50,0.49,0.49,0.48,0.50,0.49,0.47,0.50,0.49,0.50,0.51,0.49,0.50,0.46,0.48,0.50,0.51,0.50,0.51,0.50,0.47,0.50,0.49,0.48,0.51,0.00,0.0,0.0,0.0,0.0,0.0,0.0,0.0,0.0,0.0,0.0,0.0,0.0]
Total cost: 19968.0
assigning lease 1 to address 00000988
Average Cache Occupancy Per Bin: [0.09,0.08,0.08,0.12,0.12,0.09,0.09,0.10,0.09,0.11,0.11,0.44,0.50,0.49,0.49,0.48,0.50,0.49,0.47,0.50,0.49,0.50,0.51,0.49,0.50,0.47,0.48,0.50,0.51,0.50,0.51,0.50,0.47,0.50,0.49,0.48,0.51,0.00,0.0,0.0,0.0,0.0,0.0,0.0,0.0,0.0,0.0,0.0,0.0,0.0]
Total cost: 19968.0
assigning lease 1 to address 00000a84
Average Cache Occupancy Per Bin: [0.09,0.08,0.08,0.12,0.12,0.09,0.09,0.10,0.09,0.11,0.11,0.44,0.50,0.49,0.49,0.48,0.50,0.49,0.47,0.50,0.49,0.50,0.51,0.49,0.50,0.47,0.48,0.50,0.51,0.50,0.51,0.50,0.47,0.50,0.49,0.48,0.51,0.00,0.0,0.0,0.0,0.0,0.0,0.0,0.0,0.0,0.0,0.0,0.0,0.0]
Total cost: 19968.0
assigning lease 1 to address 00000b24
Average Cache Occupancy Per Bin: [0.09,0.08,0.08,0.12,0.12,0.09,0.09,0.10,0.09,0.11,0.11,0.44,0.50,0.49,0.49,0.48,0.50,0.49,0.47,0.50,0.49,0.50,0.51,0.49,0.50,0.47,0.48,0.50,0.51,0.50,0.51,0.50,0.47,0.50,0.49,0.48,0.51,0.05,0.05,0.04,0.05,0.04,0.05,0.03,0.06,0.06,0.06,0.04,0.05,0.05]
Total cost: 19968.0
assigning lease 1 to address 00000b70
Average Cache Occupancy Per Bin: [0.09,0.08,0.08,0.12,0.12,0.09,0.09,0.10,0.09,0.11,0.11,0.44,0.50,0.49,0.49,0.48,0.50,0.49,0.47,0.50,0.49,0.50,0.51,0.49,0.50,0.47,0.48,0.50,0.51,0.50,0.51,0.50,0.47,0.50,0.49,0.48,0.51,0.11,0.09,0.10,0.10,0.08,0.09,0.08,0.10,0.11,0.10,0.09,0.10,0.09]
Total cost: 19968.0
assigning lease 1 to address 00000b18
Average Cache Occupancy Per Bin: [0.09,0.08,0.08,0.12,0.12,0.09,0.09,0.10,0.09,0.11,0.11,0.44,0.50,0.49,0.49,0.48,0.50,0.49,0.47,0.50,0.49,0.50,0.51,0.49,0.50,0.47,0.48,0.50,0.51,0.50,0.51,0.50,0.47,0.50,0.49,0.48,0.51,0.17,0.15,0.15,0.15,0.13,0.15,0.12,0.16,0.15,0.14,0.14,0.16,0.16]
Total cost: 19968.0
assigning lease 1 to address 00000adc
Average Cache Occupancy Per Bin: [0.09,0.08,0.08,0.12,0.12,0.09,0.09,0.10,0.09,0.11,0.11,0.44,0.50,0.49,0.49,0.48,0.50,0.49,0.47,0.50,0.49,0.50,0.51,0.49,0.50,0.47,0.48,0.50,0.51,0.50,0.51,0.50,0.47,0.50,0.49,0.48,0.51,0.21,0.20,0.20,0.20,0.18,0.19,0.18,0.20,0.20,0.18,0.20,0.21,0.21]
Total cost: 19968.0
assigning lease 1 to address 00000b4c
Average Cache Occupancy Per Bin: [0.09,0.08,0.08,0.12,0.12,0.09,0.09,0.10,0.09,0.11,0.11,0.44,0.50,0.49,0.49,0.48,0.50,0.49,0.47,0.50,0.49,0.50,0.51,0.49,0.50,0.47,0.48,0.50,0.51,0.50,0.51,0.50,0.47,0.50,0.49,0.48,0.51,0.27,0.24,0.24,0.25,0.25,0.24,0.23,0.25,0.26,0.23,0.26,0.25,0.26]
Total cost: 19968.0
assigning lease 1 to address 00000b40
Average Cache Occupancy Per Bin: [0.09,0.08,0.08,0.12,0.12,0.09,0.09,0.10,0.09,0.11,0.11,0.44,0.50,0.49,0.49,0.48,0.50,0.49,0.47,0.50,0.49,0.50,0.51,0.49,0.50,0.47,0.48,0.50,0.51,0.50,0.51,0.50,0.47,0.50,0.49,0.48,0.51,0.31,0.29,0.28,0.29,0.30,0.28,0.28,0.29,0.34,0.28,0.32,0.29,0.30]
Total cost: 19968.0
assigning lease 1 to address 00000ac8
Average Cache Occupancy Per Bin: [0.09,0.08,0.08,0.12,0.12,0.09,0.09,0.10,0.09,0.11,0.11,0.44,0.50,0.49,0.49,0.48,0.50,0.49,0.47,0.50,0.49,0.50,0.51,0.49,0.50,0.47,0.48,0.50,0.51,0.50,0.51,0.50,0.47,0.50,0.49,0.48,0.51,0.32,0.29,0.28,0.29,0.30,0.28,0.28,0.29,0.34,0.28,0.32,0.29,0.30]
Total cost: 19968.0
assigning lease 1 to address 00000b68
Average Cache Occupancy Per Bin: [0.09,0.08,0.08,0.12,0.12,0.09,0.09,0.10,0.09,0.11,0.11,0.44,0.50,0.49,0.49,0.48,0.50,0.49,0.47,0.50,0.49,0.50,0.51,0.49,0.50,0.47,0.48,0.50,0.51,0.50,0.51,0.50,0.47,0.50,0.49,0.48,0.51,0.36,0.34,0.33,0.34,0.35,0.33,0.33,0.35,0.38,0.34,0.37,0.33,0.36]
Total cost: 19968.0
assigning lease 1 to address 00000ad0
Average Cache Occupancy Per Bin: [0.09,0.08,0.08,0.12,0.12,0.09,0.09,0.10,0.09,0.11,0.11,0.44,0.50,0.49,0.49,0.48,0.50,0.49,0.47,0.50,0.49,0.50,0.51,0.49,0.50,0.47,0.48,0.50,0.51,0.50,0.51,0.50,0.47,0.50,0.49,0.48,0.51,0.40,0.40,0.39,0.39,0.39,0.38,0.39,0.40,0.43,0.37,0.42,0.37,0.41]
Total cost: 19968.0
assigning lease 1 to address 00000b80
Average Cache Occupancy Per Bin: [0.09,0.08,0.08,0.12,0.12,0.09,0.09,0.10,0.09,0.11,0.11,0.44,0.50,0.49,0.49,0.48,0.50,0.49,0.47,0.50,0.49,0.50,0.51,0.49,0.50,0.47,0.48,0.50,0.51,0.50,0.51,0.50,0.47,0.50,0.49,0.48,0.51,0.40,0.40,0.39,0.39,0.39,0.38,0.39,0.40,0.43,0.37,0.42,0.37,0.42]
Total cost: 19968.0
assigning lease 1 to address 00000ab0
Average Cache Occupancy Per Bin: [0.09,0.08,0.08,0.12,0.12,0.09,0.09,0.10,0.09,0.11,0.11,0.44,0.50,0.49,0.49,0.48,0.50,0.49,0.47,0.50,0.49,0.50,0.51,0.49,0.50,0.47,0.48,0.50,0.51,0.50,0.51,0.50,0.47,0.50,0.49,0.48,0.51,0.40,0.40,0.39,0.39,0.39,0.38,0.39,0.40,0.43,0.37,0.42,0.37,0.42]
Total cost: 19968.0
assigning lease 1 to address 00000aa4
Average Cache Occupancy Per Bin: [0.09,0.08,0.08,0.12,0.12,0.09,0.09,0.10,0.09,0.11,0.11,0.44,0.50,0.49,0.49,0.48,0.50,0.49,0.47,0.50,0.49,0.50,0.51,0.49,0.50,0.47,0.48,0.50,0.51,0.50,0.51,0.50,0.47,0.50,0.49,0.48,0.51,0.40,0.40,0.39,0.39,0.39,0.38,0.39,0.40,0.43,0.38,0.42,0.37,0.42]
Total cost: 19968.0
assigning lease 1 to address 00000a9c
Average Cache Occupancy Per Bin: [0.09,0.08,0.08,0.12,0.12,0.09,0.09,0.10,0.09,0.11,0.11,0.44,0.50,0.49,0.49,0.48,0.50,0.49,0.47,0.50,0.49,0.50,0.51,0.49,0.50,0.47,0.48,0.50,0.51,0.50,0.51,0.50,0.47,0.50,0.49,0.48,0.51,0.40,0.40,0.39,0.39,0.39,0.38,0.39,0.40,0.43,0.38,0.42,0.37,0.42]
Total cost: 19968.0
assigning lease 1 to address 00000b88
Average Cache Occupancy Per Bin: [0.09,0.08,0.08,0.12,0.12,0.09,0.09,0.10,0.09,0.11,0.11,0.44,0.50,0.49,0.49,0.48,0.50,0.49,0.47,0.50,0.49,0.50,0.51,0.49,0.50,0.47,0.48,0.50,0.51,0.50,0.51,0.50,0.47,0.50,0.49,0.48,0.51,0.40,0.40,0.39,0.40,0.39,0.39,0.39,0.40,0.43,0.38,0.42,0.37,0.42]
Total cost: 19968.0
assigning lease 2 to address 00000880
Average Cache Occupancy Per Bin: [0.23,0.20,0.19,0.22,0.20,0.23,0.20,0.21,0.19,0.18,0.24,0.46,0.50,0.49,0.49,0.48,0.50,0.49,0.47,0.50,0.49,0.50,0.51,0.49,0.50,0.47,0.48,0.50,0.51,0.50,0.51,0.50,0.47,0.50,0.49,0.48,0.51,0.40,0.40,0.39,0.40,0.39,0.39,0.39,0.40,0.43,0.38,0.42,0.37,0.42]
Total cost: 51712.0
assigning lease 2 to address 000008c4
Average Cache Occupancy Per Bin: [0.34,0.31,0.29,0.31,0.30,0.33,0.29,0.34,0.28,0.29,0.33,0.46,0.50,0.49,0.49,0.48,0.50,0.49,0.47,0.50,0.49,0.50,0.51,0.49,0.50,0.47,0.48,0.50,0.51,0.50,0.51,0.50,0.47,0.50,0.49,0.48,0.51,0.40,0.40,0.39,0.40,0.39,0.39,0.39,0.40,0.43,0.38,0.42,0.37,0.42]
Total cost: 75776.0
assigning lease 2 to address 000008d4
Average Cache Occupancy Per Bin: [0.48,0.40,0.39,0.39,0.39,0.42,0.40,0.43,0.38,0.37,0.42,0.47,0.50,0.49,0.49,0.48,0.50,0.49,0.47,0.50,0.49,0.50,0.51,0.49,0.50,0.47,0.48,0.50,0.51,0.50,0.51,0.50,0.47,0.50,0.49,0.48,0.51,0.40,0.40,0.39,0.40,0.39,0.39,0.39,0.40,0.43,0.38,0.42,0.37,0.42]
Total cost: 104960.0
assigning lease 2 to address 00000914
Average Cache Occupancy Per Bin: [0.58,0.53,0.46,0.49,0.49,0.52,0.53,0.52,0.47,0.46,0.49,0.48,0.50,0.49,0.49,0.48,0.50,0.49,0.47,0.50,0.49,0.50,0.51,0.49,0.50,0.47,0.48,0.50,0.51,0.50,0.51,0.50,0.47,0.50,0.49,0.48,0.51,0.40,0.40,0.39,0.40,0.39,0.39,0.39,0.40,0.43,0.38,0.42,0.37,0.42]
Total cost: 126976.0
assigning lease 2 to address 00000894
Average Cache Occupancy Per Bin: [0.69,0.62,0.55,0.59,0.57,0.62,0.61,0.62,0.56,0.54,0.62,0.50,0.50,0.49,0.49,0.48,0.50,0.49,0.47,0.50,0.49,0.50,0.51,0.49,0.50,0.47,0.48,0.50,0.51,0.50,0.51,0.50,0.47,0.50,0.49,0.48,0.51,0.40,0.40,0.39,0.40,0.39,0.39,0.39,0.40,0.43,0.38,0.42,0.37,0.42]
Total cost: 152064.0
assigning lease 2 to address 000008fc
Average Cache Occupancy Per Bin: [0.76,0.72,0.65,0.68,0.65,0.70,0.71,0.73,0.65,0.66,0.69,0.50,0.50,0.49,0.49,0.48,0.50,0.49,0.47,0.50,0.49,0.50,0.51,0.49,0.50,0.47,0.48,0.50,0.51,0.50,0.51,0.50,0.47,0.50,0.49,0.48,0.51,0.40,0.40,0.39,0.40,0.39,0.39,0.39,0.40,0.43,0.38,0.42,0.37,0.42]
Total cost: 165888.0
assigning lease 2 to address 00000930
Average Cache Occupancy Per Bin: [0.85,0.82,0.75,0.81,0.75,0.79,0.82,0.81,0.75,0.74,0.79,0.51,0.50,0.49,0.49,0.48,0.50,0.49,0.47,0.50,0.49,0.50,0.51,0.49,0.50,0.47,0.48,0.50,0.51,0.50,0.51,0.50,0.47,0.50,0.49,0.48,0.51,0.40,0.40,0.39,0.40,0.39,0.39,0.39,0.40,0.43,0.38,0.42,0.37,0.42]
Total cost: 186880.0
assigning lease 2 to address 000008e8
Average Cache Occupancy Per Bin: [0.94,0.93,0.85,0.91,0.88,0.88,0.91,0.91,0.87,0.86,0.89,0.52,0.50,0.49,0.49,0.48,0.50,0.49,0.47,0.50,0.49,0.50,0.51,0.49,0.50,0.47,0.48,0.50,0.51,0.50,0.51,0.50,0.47,0.50,0.49,0.48,0.51,0.40,0.40,0.39,0.40,0.39,0.39,0.39,0.40,0.43,0.38,0.42,0.37,0.42]
Total cost: 205312.0
assigning lease 2 to address 000008a4
Average Cache Occupancy Per Bin: [1.03,1.01,0.98,1.00,0.98,0.99,0.98,1.02,0.96,0.97,0.98,0.53,0.50,0.49,0.49,0.48,0.50,0.49,0.47,0.50,0.49,0.50,0.51,0.49,0.50,0.47,0.48,0.50,0.51,0.50,0.51,0.50,0.47,0.50,0.49,0.48,0.51,0.40,0.40,0.39,0.40,0.39,0.39,0.39,0.40,0.43,0.38,0.42,0.37,0.42]
Total cost: 226304.0
assigning lease 2 to address 00000854
Average Cache Occupancy Per Bin: [1.04,1.01,0.99,1.01,0.98,0.99,0.98,1.02,0.96,0.97,0.98,0.53,0.50,0.49,0.49,0.48,0.50,0.49,0.47,0.50,0.49,0.50,0.51,0.49,0.50,0.47,0.48,0.50,0.51,0.50,0.51,0.50,0.47,0.50,0.49,0.48,0.51,0.40,0.40,0.39,0.40,0.39,0.39,0.39,0.40,0.43,0.38,0.42,0.37,0.42]
Total cost: 226816.0
assigning lease 2 to address 00000868
Average Cache Occupancy Per Bin: [1.04,1.01,0.99,1.01,0.98,0.99,0.98,1.02,0.97,0.98,0.98,0.53,0.50,0.49,0.49,0.48,0.50,0.49,0.47,0.50,0.49,0.50,0.51,0.49,0.50,0.47,0.48,0.50,0.51,0.50,0.51,0.50,0.47,0.50,0.49,0.48,0.51,0.40,0.40,0.39,0.40,0.39,0.39,0.39,0.40,0.43,0.38,0.42,0.37,0.42]
Total cost: 226816.0
assigning lease 2 to address 0000094c
Average Cache Occupancy Per Bin: [1.04,1.02,0.99,1.01,0.98,0.99,0.98,1.02,0.97,0.98,0.99,0.53,0.50,0.49,0.49,0.48,0.50,0.49,0.47,0.50,0.49,0.50,0.51,0.49,0.50,0.47,0.48,0.50,0.51,0.50,0.51,0.50,0.47,0.50,0.49,0.48,0.51,0.40,0.40,0.39,0.40,0.39,0.39,0.39,0.40,0.43,0.38,0.42,0.37,0.42]
Total cost: 226816.0
assigning lease 2 to address 00000948
Average Cache Occupancy Per Bin: [1.04,1.02,0.99,1.01,0.98,0.99,0.98,1.02,0.97,0.98,0.99,0.53,0.50,0.49,0.49,0.48,0.50,0.49,0.47,0.50,0.49,0.50,0.51,0.49,0.50,0.47,0.48,0.50,0.51,0.50,0.51,0.50,0.47,0.50,0.49,0.48,0.51,0.40,0.40,0.39,0.40,0.39,0.39,0.39,0.40,0.43,0.38,0.42,0.37,0.42]
Total cost: 226816.0
assigning lease 2 to address 00000a10
Average Cache Occupancy Per Bin: [1.04,1.02,0.99,1.01,0.98,0.99,0.98,1.02,0.97,0.98,0.99,0.63,0.61,0.58,0.58,0.59,0.62,0.59,0.58,0.61,0.61,0.61,0.61,0.59,0.61,0.57,0.57,0.61,0.62,0.60,0.59,0.58,0.57,0.60,0.58,0.59,0.60,0.40,0.40,0.39,0.40,0.39,0.39,0.39,0.40,0.43,0.38,0.42,0.37,0.42]
Total cost: 226816.0
assigning lease 2 to address 000009bc
Average Cache Occupancy Per Bin: [1.04,1.02,0.99,1.01,0.98,0.99,0.98,1.02,0.97,0.98,0.99,0.70,0.72,0.69,0.68,0.69,0.73,0.69,0.68,0.69,0.73,0.71,0.70,0.69,0.68,0.69,0.66,0.71,0.72,0.68,0.68,0.67,0.66,0.69,0.69,0.69,0.69,0.40,0.40,0.39,0.40,0.39,0.39,0.39,0.40,0.43,0.38,0.42,0.37,0.42]
Total cost: 226816.0
assigning lease 2 to address 000009ec
Average Cache Occupancy Per Bin: [1.04,1.02,0.99,1.01,0.98,0.99,0.98,1.02,0.97,0.98,0.99,0.76,0.83,0.80,0.78,0.79,0.81,0.78,0.76,0.80,0.84,0.79,0.77,0.79,0.78,0.79,0.76,0.81,0.80,0.78,0.78,0.78,0.78,0.78,0.80,0.81,0.81,0.40,0.40,0.39,0.40,0.39,0.39,0.39,0.40,0.43,0.38,0.42,0.37,0.42]
Total cost: 226816.0
assigning lease 2 to address 00000a3c
Average Cache Occupancy Per Bin: [1.04,1.02,0.99,1.01,0.98,0.99,0.98,1.02,0.97,0.98,0.99,0.83,0.92,0.91,0.86,0.89,0.91,0.86,0.87,0.90,0.96,0.89,0.86,0.85,0.87,0.87,0.88,0.91,0.89,0.86,0.86,0.89,0.90,0.87,0.89,0.88,0.90,0.40,0.40,0.39,0.40,0.39,0.39,0.39,0.40,0.43,0.38,0.42,0.37,0.42]
Total cost: 226816.0
assigning lease 2 to address 00000a58
Average Cache Occupancy Per Bin: [1.04,1.02,0.99,1.01,0.98,0.99,0.98,1.02,0.97,0.98,0.99,0.91,1.03,1.02,0.96,0.98,1.04,0.99,0.98,0.98,1.05,0.99,0.95,0.97,0.98,1.00,0.97,1.04,1.02,0.97,0.95,1.00,0.98,0.99,0.99,1.01,1.00,0.40,0.40,0.39,0.40,0.39,0.39,0.39,0.40,0.43,0.38,0.42,0.37,0.42]
Total cost: 226816.0
assigning lease 2 to address 00000990
Average Cache Occupancy Per Bin: [1.04,1.02,0.99,1.01,0.98,0.99,0.98,1.02,0.97,0.98,0.99,0.91,1.03,1.02,0.96,0.98,1.04,0.99,0.98,0.99,1.05,0.99,0.95,0.97,0.98,1.00,0.97,1.04,1.03,0.97,0.96,1.00,0.98,0.99,0.99,1.01,1.01,0.40,0.40,0.39,0.40,0.39,0.39,0.39,0.40,0.43,0.38,0.42,0.37,0.42]
Total cost: 226816.0
assigning lease 2 to address 00000a70
Average Cache Occupancy Per Bin: [1.04,1.02,0.99,1.01,0.98,0.99,0.98,1.02,0.97,0.98,0.99,0.91,1.03,1.02,0.96,0.98,1.04,0.99,0.98,0.99,1.05,0.99,0.96,0.97,0.98,1.00,0.97,1.04,1.03,0.97,0.96,1.00,0.98,0.99,0.99,1.01,1.01,0.40,0.40,0.39,0.40,0.39,0.39,0.39,0.40,0.43,0.38,0.42,0.37,0.42]
Total cost: 226816.0
assigning lease 2 to address 00000b74
Average Cache Occupancy Per Bin: [1.04,1.02,0.99,1.01,0.98,0.99,0.98,1.02,0.97,0.98,0.99,0.91,1.03,1.02,0.96,0.98,1.04,0.99,0.98,0.99,1.05,0.99,0.96,0.97,0.98,1.00,0.97,1.04,1.03,0.97,0.96,1.00,0.98,0.99,0.99,1.01,1.01,0.50,0.50,0.47,0.49,0.49,0.47,0.47,0.51,0.52,0.49,0.53,0.48,0.51]
Total cost: 226816.0
assigning lease 2 to address 00000b58
Average Cache Occupancy Per Bin: [1.04,1.02,0.99,1.01,0.98,0.99,0.98,1.02,0.97,0.98,0.99,0.91,1.03,1.02,0.96,0.98,1.04,0.99,0.98,0.99,1.05,0.99,0.96,0.97,0.98,1.00,0.97,1.04,1.03,0.97,0.96,1.00,0.98,0.99,0.99,1.01,1.01,0.61,0.58,0.59,0.58,0.60,0.58,0.56,0.61,0.61,0.60,0.63,0.58,0.60]
Total cost: 226816.0
assigning lease 2 to address 00000ae4
Average Cache Occupancy Per Bin: [1.04,1.02,0.99,1.01,0.98,0.99,0.98,1.02,0.97,0.98,0.99,0.91,1.03,1.02,0.96,0.98,1.04,0.99,0.98,0.99,1.05,0.99,0.96,0.97,0.98,1.00,0.97,1.04,1.03,0.97,0.96,1.00,0.98,0.99,0.99,1.01,1.01,0.70,0.66,0.70,0.68,0.69,0.67,0.67,0.69,0.70,0.66,0.74,0.69,0.69]
Total cost: 226816.0
assigning lease 2 to address 00000b2c
Average Cache Occupancy Per Bin: [1.04,1.02,0.99,1.01,0.98,0.99,0.98,1.02,0.97,0.98,0.99,0.91,1.03,1.02,0.96,0.98,1.04,0.99,0.98,0.99,1.05,0.99,0.96,0.97,0.98,1.00,0.97,1.04,1.03,0.97,0.96,1.00,0.98,0.99,0.99,1.01,1.01,0.79,0.74,0.77,0.81,0.80,0.82,0.78,0.77,0.81,0.76,0.84,0.76,0.80]
Total cost: 226816.0
assigning lease 2 to address 00000af4
Average Cache Occupancy Per Bin: [1.04,1.02,0.99,1.01,0.98,0.99,0.98,1.02,0.97,0.98,0.99,0.91,1.03,1.02,0.96,0.98,1.04,0.99,0.98,0.99,1.05,0.99,0.96,0.97,0.98,1.00,0.97,1.04,1.03,0.97,0.96,1.00,0.98,0.99,0.99,1.01,1.01,0.88,0.83,0.89,0.90,0.92,0.89,0.85,0.88,0.91,0.85,0.94,0.86,0.87]
Total cost: 226816.0
assigning lease 2 to address 00000b08
Average Cache Occupancy Per Bin: [1.04,1.02,0.99,1.01,0.98,0.99,0.98,1.02,0.97,0.98,0.99,0.91,1.03,1.02,0.96,0.98,1.04,0.99,0.98,0.99,1.05,0.99,0.96,0.97,0.98,1.00,0.97,1.04,1.03,0.97,0.96,1.00,0.98,0.99,0.99,1.01,1.01,0.98,0.92,1.00,0.98,1.01,0.98,0.96,1.02,1.00,0.95,1.01,0.97,0.96]
Total cost: 226816.0
assigning lease 2 to address 00000b8c
Average Cache Occupancy Per Bin: [1.04,1.02,0.99,1.01,0.98,0.99,0.98,1.02,0.97,0.98,0.99,0.91,1.03,1.02,0.96,0.98,1.04,0.99,0.98,0.99,1.05,0.99,0.96,0.97,0.98,1.00,0.97,1.04,1.03,0.97,0.96,1.00,0.98,0.99,0.99,1.01,1.01,0.99,0.92,1.00,0.98,1.01,0.98,0.96,1.02,1.00,0.96,1.01,0.97,0.96]
Total cost: 226816.0
assigning lease 2 to address 00000ab8
Average Cache Occupancy Per Bin: [1.04,1.02,0.99,1.01,0.98,0.99,0.98,1.02,0.97,0.98,0.99,0.91,1.03,1.02,0.96,0.98,1.04,0.99,0.98,0.99,1.05,0.99,0.96,0.97,0.98,1.00,0.97,1.04,1.03,0.97,0.96,1.00,0.98,0.99,0.99,1.01,1.01,0.99,0.92,1.00,0.98,1.02,0.98,0.96,1.02,1.01,0.96,1.02,0.98,0.96]
Total cost: 226816.0
assigning lease 4 to address 00000934
Average Cache Occupancy Per Bin: [1.13,1.16,1.12,1.10,1.08,1.07,1.08,1.15,1.06,1.09,1.07,0.92,1.03,1.02,0.96,0.98,1.04,0.99,0.98,0.99,1.05,0.99,0.96,0.97,0.98,1.00,0.97,1.04,1.03,0.97,0.96,1.00,0.98,0.99,0.99,1.01,1.01,0.99,0.92,1.00,0.98,1.02,0.98,0.96,1.02,1.01,0.96,1.02,0.98,0.96]
Total cost: 246272.0
assigning lease 4 to address 000008bc
Average Cache Occupancy Per Bin: [1.31,1.42,1.35,1.29,1.27,1.26,1.34,1.32,1.35,1.31,1.23,0.94,1.03,1.02,0.96,0.98,1.04,0.99,0.98,0.99,1.05,0.99,0.96,0.97,0.98,1.00,0.97,1.04,1.03,0.97,0.96,1.00,0.98,0.99,0.99,1.01,1.01,0.99,0.92,1.00,0.98,1.02,0.98,0.96,1.02,1.01,0.96,1.02,0.98,0.96]
Total cost: 286208.0
assigning lease 4 to address 000008e0
Average Cache Occupancy Per Bin: [1.46,1.62,1.50,1.53,1.48,1.50,1.50,1.51,1.54,1.48,1.49,0.95,1.03,1.02,0.96,0.98,1.04,0.99,0.98,0.99,1.05,0.99,0.96,0.97,0.98,1.00,0.97,1.04,1.03,0.97,0.96,1.00,0.98,0.99,0.99,1.01,1.01,0.99,0.92,1.00,0.98,1.02,0.98,0.96,1.02,1.01,0.96,1.02,0.98,0.96]
Total cost: 318976.0
assigning lease 4 to address 0000088c
Average Cache Occupancy Per Bin: [1.63,1.81,1.69,1.69,1.74,1.69,1.73,1.72,1.70,1.72,1.66,0.98,1.03,1.02,0.96,0.98,1.04,0.99,0.98,0.99,1.05,0.99,0.96,0.97,0.98,1.00,0.97,1.04,1.03,0.97,0.96,1.00,0.98,0.99,0.99,1.01,1.01,0.99,0.92,1.00,0.98,1.02,0.98,0.96,1.02,1.01,0.96,1.02,0.98,0.96]
Total cost: 356864.0
assigning lease 5 to address 00000860
Average Cache Occupancy Per Bin: [1.63,1.81,1.69,1.69,1.74,1.69,1.73,1.72,1.70,1.72,1.66,0.99,1.03,1.02,0.96,0.98,1.04,0.99,0.98,0.99,1.05,0.99,0.96,0.97,0.98,1.00,0.97,1.04,1.03,0.97,0.96,1.00,0.98,0.99,0.99,1.01,1.01,0.99,0.92,1.00,0.98,1.02,0.98,0.96,1.02,1.01,0.96,1.02,0.98,0.96]
Total cost: 356864.0
assigning lease 6 to address 00000b78
Average Cache Occupancy Per Bin: [1.63,1.81,1.69,1.69,1.74,1.69,1.73,1.72,1.70,1.72,1.66,0.99,1.03,1.02,0.96,0.98,1.04,0.99,0.98,0.99,1.05,0.99,0.96,0.97,0.98,1.00,0.97,1.04,1.03,0.97,0.96,1.00,0.98,0.99,0.99,1.01,1.01,1.28,1.24,1.30,1.33,1.23,1.33,1.23,1.33,1.26,1.23,1.38,1.27,1.24]
Total cost: 356864.0
assigning lease 6 to address 00000908
Average Cache Occupancy Per Bin: [1.94,2.07,2.04,1.97,2.02,1.95,1.98,2.06,1.95,1.96,1.97,1.01,1.03,1.02,0.96,0.98,1.04,0.99,0.98,0.99,1.05,0.99,0.96,0.97,0.98,1.00,0.97,1.04,1.03,0.97,0.96,1.00,0.98,0.99,0.99,1.01,1.01,1.28,1.24,1.30,1.33,1.23,1.33,1.23,1.33,1.26,1.23,1.38,1.27,1.24]
Total cost: 422912.0
assigning lease 7 to address 00000874
Average Cache Occupancy Per Bin: [1.94,2.07,2.05,1.98,2.03,1.96,1.99,2.06,1.95,1.96,1.97,1.01,1.03,1.02,0.96,0.98,1.04,0.99,0.98,0.99,1.05,0.99,0.96,0.97,0.98,1.00,0.97,1.04,1.03,0.97,0.96,1.00,0.98,0.99,0.99,1.01,1.01,1.28,1.24,1.30,1.33,1.23,1.33,1.23,1.33,1.26,1.23,1.38,1.27,1.24]
Total cost: 424704.0
assigning lease 7 to address 0000099c
Average Cache Occupancy Per Bin: [1.94,2.07,2.05,1.98,2.03,1.96,1.99,2.06,1.95,1.96,1.97,1.01,1.04,1.03,0.96,0.99,1.04,0.99,0.99,0.99,1.05,1.00,0.96,0.97,0.98,1.00,0.97,1.05,1.03,0.98,0.97,1.01,0.98,0.99,1.02,1.01,1.02,1.28,1.24,1.30,1.33,1.23,1.33,1.23,1.33,1.26,1.23,1.38,1.27,1.24]
Total cost: 424704.0
assigning lease 7 to address 00000a74
Average Cache Occupancy Per Bin: [1.94,2.07,2.05,1.98,2.03,1.96,1.99,2.06,1.95,1.96,1.97,1.01,1.04,1.03,0.97,0.99,1.04,0.99,1.00,0.99,1.05,1.00,0.96,0.97,0.98,1.00,0.97,1.06,1.03,0.98,0.99,1.01,1.00,1.00,1.02,1.01,1.02,1.28,1.24,1.30,1.33,1.23,1.33,1.23,1.33,1.26,1.23,1.38,1.27,1.24]
Total cost: 424704.0
assigning lease 7 to address 00000b90
Average Cache Occupancy Per Bin: [1.94,2.07,2.05,1.98,2.03,1.96,1.99,2.06,1.95,1.96,1.97,1.01,1.04,1.03,0.97,0.99,1.04,0.99,1.00,0.99,1.05,1.00,0.96,0.97,0.98,1.00,0.97,1.06,1.03,0.98,0.99,1.01,1.00,1.00,1.02,1.01,1.02,1.28,1.25,1.32,1.33,1.25,1.33,1.25,1.33,1.26,1.24,1.39,1.27,1.25]
Total cost: 424704.0
assigning lease 7 to address 00000ac4
Average Cache Occupancy Per Bin: [1.94,2.07,2.05,1.98,2.03,1.96,1.99,2.06,1.95,1.96,1.97,1.01,1.04,1.03,0.97,0.99,1.04,0.99,1.00,0.99,1.05,1.00,0.96,0.97,0.98,1.00,0.97,1.06,1.03,0.98,0.99,1.01,1.00,1.00,1.02,1.01,1.02,1.28,1.25,1.32,1.35,1.27,1.35,1.25,1.34,1.26,1.25,1.40,1.29,1.25]
Total cost: 424704.0
assigning lease 12 to address 00000a48
Average Cache Occupancy Per Bin: [1.94,2.07,2.05,1.98,2.03,1.96,1.99,2.06,1.95,1.96,1.97,1.37,1.45,1.39,1.40,1.49,1.42,1.34,1.43,1.39,1.42,1.40,1.41,1.32,1.48,1.51,1.40,1.47,1.37,1.31,1.41,1.47,1.49,1.33,1.40,1.37,1.38,1.30,1.25,1.32,1.35,1.27,1.35,1.25,1.34,1.26,1.25,1.40,1.29,1.25]
Total cost: 424704.0
assigning lease 12 to address 00000920
Average Cache Occupancy Per Bin: [2.45,2.37,2.42,2.31,2.53,2.45,2.42,2.44,2.27,2.47,2.46,1.42,1.45,1.39,1.40,1.49,1.42,1.34,1.43,1.39,1.42,1.40,1.41,1.32,1.48,1.51,1.40,1.47,1.37,1.31,1.41,1.47,1.49,1.33,1.40,1.37,1.38,1.30,1.25,1.32,1.35,1.27,1.35,1.25,1.34,1.26,1.25,1.40,1.29,1.25]
Total cost: 534272.0
assigning lease 12 to address 00000b64
Average Cache Occupancy Per Bin: [2.45,2.37,2.42,2.31,2.53,2.45,2.42,2.44,2.27,2.47,2.46,1.42,1.45,1.39,1.40,1.49,1.42,1.34,1.43,1.39,1.42,1.40,1.41,1.32,1.48,1.51,1.40,1.47,1.37,1.31,1.41,1.47,1.49,1.33,1.40,1.37,1.38,1.71,1.58,1.73,1.74,1.56,1.71,1.65,1.72,1.68,1.83,1.74,1.72,1.60]
Total cost: 534272.0
assigning lease 9 to address 0000081c
Average Cache Occupancy Per Bin: [2.46,2.37,2.42,2.31,2.53,2.45,2.42,2.44,2.27,2.47,2.46,1.42,1.45,1.39,1.40,1.49,1.42,1.34,1.43,1.39,1.42,1.40,1.41,1.32,1.48,1.51,1.40,1.47,1.37,1.31,1.41,1.47,1.49,1.33,1.40,1.37,1.38,1.71,1.58,1.73,1.74,1.56,1.71,1.65,1.72,1.68,1.83,1.74,1.72,1.60]
Total cost: 536576.0
assigning lease 12 to address 000008a0
Average Cache Occupancy Per Bin: [2.99,2.95,2.90,2.77,3.23,2.94,3.03,2.86,2.72,3.16,2.91,1.53,1.45,1.39,1.40,1.49,1.42,1.34,1.43,1.39,1.42,1.40,1.41,1.32,1.48,1.51,1.40,1.47,1.37,1.31,1.41,1.47,1.49,1.33,1.40,1.37,1.38,1.71,1.58,1.73,1.74,1.56,1.71,1.65,1.72,1.68,1.83,1.74,1.72,1.60]
Total cost: 653312.0
assigning lease 12 to address 000009c8
Average Cache Occupancy Per Bin: [2.99,2.95,2.90,2.77,3.23,2.94,3.03,2.86,2.72,3.16,2.91,2.05,2.02,2.02,1.95,2.09,1.91,1.96,2.05,2.10,1.94,1.99,2.13,1.96,2.12,2.04,1.91,2.01,1.95,1.77,1.97,2.08,2.00,2.02,2.04,1.92,2.06,1.71,1.58,1.73,1.74,1.56,1.71,1.65,1.72,1.68,1.83,1.74,1.72,1.60]
Total cost: 653312.0
assigning lease 12 to address 00000af0
Average Cache Occupancy Per Bin: [2.99,2.95,2.90,2.77,3.23,2.94,3.03,2.86,2.72,3.16,2.91,2.05,2.02,2.02,1.95,2.09,1.91,1.96,2.05,2.10,1.94,1.99,2.13,1.96,2.12,2.04,1.91,2.01,1.95,1.77,1.97,2.08,2.00,2.02,2.04,1.92,2.06,2.15,2.32,2.32,2.27,2.06,2.30,2.29,2.29,2.26,2.32,2.22,2.43,2.10]
Total cost: 653312.0
assigning lease 14 to address 00000b00
Average Cache Occupancy Per Bin: [2.99,2.95,2.90,2.77,3.23,2.94,3.03,2.86,2.72,3.16,2.91,2.05,2.02,2.02,1.95,2.09,1.91,1.96,2.05,2.10,1.94,1.99,2.13,1.96,2.12,2.04,1.91,2.01,1.95,1.77,1.97,2.08,2.00,2.02,2.04,1.92,2.06,3.07,2.98,2.96,2.88,2.86,2.89,3.15,2.90,2.82,2.83,2.83,3.45,2.69]
Total cost: 653312.0
assigning lease 20 to address 00000a5c
Average Cache Occupancy Per Bin: [2.99,2.95,2.90,2.77,3.23,2.94,3.03,2.86,2.72,3.16,2.91,3.20,2.84,2.87,2.79,2.89,2.85,3.06,3.25,2.93,2.72,2.93,3.35,2.80,3.01,3.01,2.59,2.98,3.08,2.80,2.98,3.23,3.07,3.08,3.34,2.74,2.97,3.07,2.98,2.96,2.88,2.86,2.89,3.15,2.90,2.82,2.83,2.83,3.45,2.69]
Total cost: 653312.0
assigning lease 20 to address 000009f8
Average Cache Occupancy Per Bin: [2.99,2.95,2.90,2.77,3.23,2.94,3.03,2.86,2.72,3.16,2.91,3.93,3.95,3.97,3.85,3.83,3.79,4.05,4.38,4.06,3.42,3.83,4.20,3.77,4.14,4.21,3.63,3.62,4.02,3.82,4.23,4.07,3.89,4.00,4.02,3.87,3.91,3.07,2.98,2.96,2.88,2.86,2.89,3.15,2.90,2.82,2.83,2.83,3.45,2.74]
Total cost: 653312.0
assigning lease 20 to address 00000b14
Average Cache Occupancy Per Bin: [2.99,2.95,2.90,2.77,3.23,2.94,3.03,2.86,2.72,3.16,2.91,3.93,3.95,3.97,3.85,3.83,3.79,4.05,4.38,4.06,3.42,3.83,4.20,3.77,4.14,4.21,3.63,3.62,4.02,3.82,4.23,4.07,3.89,4.00,4.02,3.87,3.91,4.08,3.83,4.19,4.10,3.92,4.00,4.04,3.98,3.73,3.98,3.72,4.41,3.68]
Total cost: 653312.0
assigning lease 20 to address 000008d0
Average Cache Occupancy Per Bin: [3.91,3.94,3.59,3.74,3.92,3.81,4.37,3.68,3.78,3.82,4.08,4.02,3.95,3.97,3.85,3.83,3.79,4.05,4.38,4.06,3.42,3.83,4.20,3.77,4.14,4.21,3.63,3.62,4.02,3.82,4.23,4.07,3.89,4.00,4.02,3.87,3.91,4.08,3.83,4.19,4.10,3.92,4.00,4.04,3.98,3.73,3.98,3.72,4.41,3.68]
Total cost: 852992.0
assigning lease 991 to address 00000b14
Average Cache Occupancy Per Bin: [3.91,3.94,3.59,3.74,3.92,3.81,4.37,3.68,3.78,3.82,4.08,4.02,3.95,3.97,3.85,3.83,3.79,4.05,4.38,4.06,3.42,3.83,4.20,3.77,4.14,4.21,3.63,3.62,4.02,3.82,4.23,4.07,3.89,4.00,4.02,3.87,3.91,7.66,7.22,7.43,7.54,5.54,6.43,10.8,6.84,7.22,7.08,6.73,6.22,4.49]
Total cost: 852992.0
assigning lease 1151 to address 000008d0
Average Cache Occupancy Per Bin: [9.43,8.31,7.01,6.97,6.01,7.14,9.88,5.78,5.87,6.38,10.3,5.07,3.95,3.97,3.85,3.83,3.79,4.05,4.38,4.06,3.42,3.83,4.20,3.77,4.14,4.21,3.63,3.62,4.02,3.82,4.23,4.07,3.89,4.00,4.02,3.87,3.91,7.66,7.22,7.43,7.54,5.54,6.43,10.8,6.84,7.22,7.08,6.73,6.22,4.49]
Total cost: 2054912.0
assigning lease 1038 to address 00000b38
Average Cache Occupancy Per Bin: [9.43,8.31,7.01,6.97,6.01,7.14,9.88,5.78,5.87,6.38,10.3,5.07,3.95,3.97,3.85,3.83,3.79,4.05,4.38,4.06,3.42,3.83,4.20,3.77,4.14,4.21,3.63,3.62,4.02,3.82,4.23,4.07,3.89,4.00,4.02,3.87,3.91,52.9,81.0,52.6,51.5,56.7,71.9,51.3,52.0,57.1,58.2,50.7,56.2,64.0]
Total cost: 2054912.0
assigning lease 1238 to address 000008f4
Average Cache Occupancy Per Bin: [69.3,58.1,66.8,88.2,48.8,62.7,54.0,81.3,77.1,73.4,75.9,12.1,3.95,3.97,3.85,3.83,3.79,4.05,4.38,4.06,3.42,3.83,4.20,3.77,4.14,4.21,3.63,3.62,4.02,3.82,4.23,4.07,3.89,4.00,4.02,3.87,3.91,52.9,81.0,52.6,51.5,56.7,71.9,51.3,52.0,57.1,58.2,50.7,56.2,68.4]
Total cost: 15103232.0
assigning lease 1311 to address 000009f8
Average Cache Occupancy Per Bin: [69.3,58.1,66.8,88.2,48.8,62.7,54.0,81.3,77.1,73.4,75.9,12.1,5.46,10.0,6.88,6.86,6.83,10.1,8.93,5.57,3.42,6.86,10.2,9.83,4.14,7.24,6.66,6.65,7.05,6.85,8.78,10.1,6.93,5.51,10.0,6.90,3.91,52.9,81.0,52.6,51.5,56.7,71.9,51.3,52.0,57.1,58.2,50.7,56.2,71.4]
Total cost: 15103232.0
assigning lease 1638 to address 00000a1c
Average Cache Occupancy Per Bin: [69.3,58.1,66.8,88.2,48.8,62.7,54.0,81.3,77.1,73.4,75.9,101.,75.6,72.6,101.,116.,75.0,70.7,88.5,77.6,75.4,97.8,84.2,95.3,83.8,92.5,110.,84.3,73.4,95.9,88.3,70.7,92.2,83.2,102.,78.8,68.3,52.9,81.0,52.6,51.5,56.7,71.9,51.3,52.0,57.1,58.2,50.7,56.2,77.2]
Total cost: 15103232.0
addr: 000008f4 ri: 42392
bin target: 27884160
	bin: 0.0 current capacity: 69.33017512451514  avg impact: 145.0543276182607
	bin: 2.0 current capacity: 66.8788175078611  avg impact: 145.08605659987606
	bin: 3.0 current capacity: 88.28530377102986  avg impact: 193.44807546650142
	bin: 4.0 current capacity: 48.80387431430604  avg impact: 145.0225986366453
	bin: 5.0 current capacity: 62.71174458904267  avg impact: 96.72403773325071
	bin: 6.0 current capacity: 54.06853496752278  avg impact: 96.69230875163534
	bin: 7.0 current capacity: 81.36603548394501  avg impact: 241.74663636989604
	bin: 8.0 current capacity: 77.12727856962519  avg impact: 96.69230875163534
	bin: 9.0 current capacity: 73.40088595102021  avg impact: 193.38461750327068
	bin: 10.0 current capacity: 75.95918198719274  avg impact: 96.72403773325071
	bin: 49.0 current capacity: 77.22834125180748  avg impact: 145.08605659987606
num_full_bins: 0
printing bin ranks sorted:
	bin: 7.0 rank: 0.1929042952419841
	selecting this^ bin
	bin: 3.0 rank: 0.20529899888224717
	bin: 9.0 rank: 0.28233431776473306
	bin: 49.0 rank: 0.34994168246100016
	bin: 0.0 rank: 0.4044679385911613
	bin: 2.0 rank: 0.42127537217929406
	bin: 8.0 rank: 0.5261299692517106
	bin: 10.0 rank: 0.5380339699664675
	bin: 4.0 rank: 0.5460950667703877
	bin: 5.0 rank: 0.6749951402050833
	bin: 6.0 rank: 0.7646054374642992
acceptable_ratio: 0.1929042952419841
Assigning 000008f4 dual lease lease 42392 * 0.1929042952419841. Bin saturation: [97.3,67.4,94.8,125.,76.7,81.3,72.7,128.,95.7,110.,94.6,101.,75.6,72.6,101.,116.,75.0,70.7,88.5,77.6,75.4,97.8,84.2,95.3,83.8,92.5,110.,84.3,73.4,95.9,88.3,70.7,92.2,83.2,102.,78.8,68.3,52.9,81.0,52.6,51.5,56.7,71.9,51.3,52.0,57.1,58.2,50.7,56.2,105.]
addr: 00000b38 ri: 55612
bin target: 27884160
	bin: 7.0 current capacity: 128.0  avg impact: 0.0
	bin: 38.0 current capacity: 81.07224861713604  avg impact: 320.5990314214235
	bin: 40.0 current capacity: 51.56664600977759  avg impact: 128.2332667722463
	bin: 41.0 current capacity: 56.761972962427414  avg impact: 256.52999150772337
	bin: 42.0 current capacity: 71.97308177832863  avg impact: 320.5990314214235
	bin: 43.0 current capacity: 51.33161651633042  avg impact: 128.20153779063097
	bin: 45.0 current capacity: 57.183850903165094  avg impact: 128.26499575386168
	bin: 46.0 current capacity: 58.2649865730221  avg impact: 192.36576464917718
	bin: 47.0 current capacity: 50.7839977965985  avg impact: 128.2332667722463
	bin: 48.0 current capacity: 56.283687943262414  avg impact: 256.52999150772337
	bin: 49.0 current capacity: 105.21606474964518  avg impact: 320.63076040303883
num_full_bins: 1
printing bin ranks sorted:
	bin: 49.0 rank: 0.07105972995764658
	bin: 38.0 rank: 0.1463752125975016
	bin: 42.0 rank: 0.17475697906281157
	bin: 41.0 rank: 0.27769862938395573
	bin: 48.0 rank: 0.2795630703265291
	bin: 46.0 rank: 0.36251259965179145
	bin: 45.0 rank: 0.5521081467365412
	bin: 40.0 rank: 0.5960493397237928
	bin: 43.0 rank: 0.5980301391460575
	bin: 47.0 rank: 0.6021526562256577
acceptable_ratio: 0
addr: 00000a1c ri: 88612
bin target: 27884160
	bin: 7.0 current capacity: 128.0  avg impact: 0.0
	bin: 11.0 current capacity: 101.20252473088664  avg impact: 102.17554683375795
	bin: 12.0 current capacity: 75.64189217103905  avg impact: 408.7973742798779
	bin: 13.0 current capacity: 72.64879157198926  avg impact: 306.62182744611994
	bin: 14.0 current capacity: 101.70548784686359  avg impact: 306.5900984645046
	bin: 15.0 current capacity: 116.79908191604122  avg impact: 408.7973742798779
	bin: 16.0 current capacity: 75.04844270008492  avg impact: 204.3510936675159
	bin: 17.0 current capacity: 70.76620532947739  avg impact: 204.41455163074664
	bin: 18.0 current capacity: 88.54736165622346  avg impact: 306.62182744611994
	bin: 19.0 current capacity: 77.64434345520898  avg impact: 408.7973742798779
	bin: 20.0 current capacity: 75.46444490348642  avg impact: 306.62182744611994
	bin: 21.0 current capacity: 97.83337694232138  avg impact: 204.38282264913127
	bin: 22.0 current capacity: 84.22986986159884  avg impact: 408.7973742798779
	bin: 23.0 current capacity: 95.31738621496936  avg impact: 715.4192017259978
	bin: 24.0 current capacity: 83.87850076889532  avg impact: 715.3557437627671
	bin: 25.0 current capacity: 92.56519084670293  avg impact: 408.7973742798779
	bin: 26.0 current capacity: 110.91629369505841  avg impact: 408.8291032614933
	bin: 27.0 current capacity: 84.33798342858455  avg impact: 204.38282264913127
	bin: 28.0 current capacity: 73.41263742569258  avg impact: 204.41455163074664
	bin: 29.0 current capacity: 95.92846289793202  avg impact: 306.62182744611994
	bin: 30.0 current capacity: 88.36286350386743  avg impact: 204.38282264913127
	bin: 32.0 current capacity: 92.21852234386834  avg impact: 204.41455163074664
	bin: 33.0 current capacity: 83.20044068030022  avg impact: 204.41455163074664
	bin: 34.0 current capacity: 102.95231930960087  avg impact: 306.5900984645046
	bin: 36.0 current capacity: 68.3794808235213  avg impact: 306.5900984645046
	bin: 49.0 current capacity: 105.21606474964518  avg impact: 306.62182744611994
num_full_bins: 1
printing bin ranks sorted:
	bin: 15.0 rank: 0.027399682064225325
	bin: 26.0 rank: 0.04178691333042059
	bin: 23.0 rank: 0.04568316548700621
	bin: 24.0 rank: 0.06167770317887692
	bin: 49.0 rank: 0.07430630571908142
	bin: 34.0 rank: 0.08169761781559631
	bin: 14.0 rank: 0.08576438797217271
	bin: 25.0 rank: 0.08668061827871987
	bin: 29.0 rank: 0.10459639279171554
	bin: 22.0 rank: 0.10707047767981626
	bin: 19.0 rank: 0.12317999016871294
	bin: 12.0 rank: 0.12807838582914832
	bin: 18.0 rank: 0.12866872092042833
	bin: 21.0 rank: 0.1475986223630269
	bin: 20.0 rank: 0.1713366446677551
	bin: 32.0 rank: 0.17504369121806518
	bin: 13.0 rank: 0.18051946558741694
	bin: 30.0 rank: 0.1939357524393259
	bin: 36.0 rank: 0.19446328982924166
	bin: 27.0 rank: 0.21362860149148177
	bin: 33.0 rank: 0.21916032377492123
	bin: 16.0 rank: 0.25912049869460707
	bin: 11.0 rank: 0.2622689684520455
	bin: 28.0 rank: 0.267042449467657
	bin: 17.0 rank: 0.2799888472417044
acceptable_ratio: 0
addr: 00000a48 ri: 1420695
bin target: 27884160
	bin: 7.0 current capacity: 128.0  avg impact: 0.0
	bin: 37.0 current capacity: 52.90278868002479  avg impact: 1669.51202919507
num_full_bins: 1
printing bin ranks sorted:
	bin: 37.0 rank: 0.044981533529999305
acceptable_ratio: 0
Final saturation:
	0.0,21198884.270897742
	1.0,14700435.187306773
	2.0,20666201.625386454
	3.0,27361826.16718194
	4.0,16725998.91640903
	5.0,17726097.08359097
	6.0,15841883.729102258
	7.0,27884160.0
	8.0,20865115.729102258
	9.0,24116663.458204515
	10.0,20611985.08359097
	11.0,22046464.0
	12.0,16478208.0
	13.0,15826176.0
	14.0,22156032.0
	15.0,25444096.0
	16.0,16348928.0
	17.0,15416064.0
	18.0,19289600.0
	19.0,16914432.0
	20.0,16439552.0
	21.0,21312512.0
	22.0,18349056.0
	23.0,20764416.0
	24.0,18272512.0
	25.0,20164864.0
	26.0,24162560.0
	27.0,18372608.0
	28.0,15992576.0
	29.0,20897536.0
	30.0,19249408.0
	31.0,15414528.0
	32.0,20089344.0
	33.0,18124800.0
	34.0,22427648.0
	35.0,17182976.0
	36.0,14896128.0
	37.0,11524608.0
	38.0,17661184.0
	39.0,11462656.0
	40.0,11233536.0
	41.0,12365312.0
	42.0,15678976.0
	43.0,11182336.0
	44.0,11340800.0
	45.0,12457216.0
	46.0,12692736.0
	47.0,11063040.0
	48.0,12261120.0
	49.0,22920793.625386454
Dump single leases (last one may be dual)
000008f4 a598 percentage 0.1929042952419841
000008f4 4d6 percentage 0.8070957047580158
0000081c 9
00000934 4
00000880 2
000008d0 47f
000008bc 4
000008c4 2
00000924 1
0000092c 1
000008d4 2
00000914 2
00000894 2
000008e0 4
00000920 c
000008fc 2
0000088c 4
00000930 2
00000908 6
000008a0 c
000008e8 2
000008a4 2
00000874 7
0000093c 1
00000854 2
00000860 5
00000868 2
0000094c 2
00000944 1
00000878 1
00000948 2
00000954 1
000009b4 1
00000a10 2
00000a48 c
000009fc 1
00000a08 1
000009bc 2
000009cc 1
000009f8 51f
00000a5c 14
000009ec 2
00000a24 1
00000a54 1
00000a3c 2
00000a30 1
000009e4 1
000009c8 c
00000a1c 666
00000a58 2
000009a8 1
00000a4c 1
00000a64 1
0000097c 1
00000a6c 1
00000990 2
00000a70 2
000009a0 1
0000099c 7
00000a74 7
00000988 1
00000a84 1
00000b64 c
00000af0 c
00000b14 3df
00000b74 2
00000b24 1
00000b70 1
00000b58 2
00000b18 1
00000adc 1
00000b38 40e
00000ae4 2
00000b78 6
00000b4c 1
00000b40 1
00000b2c 2
00000ac8 1
00000b68 1
00000af4 2
00000b08 2
00000ad0 1
00000b00 e
00000b80 1
00000ab0 1
00000b8c 2
00000aa4 1
00000a9c 1
00000b90 7
00000ab8 2
00000b88 1
00000ac4 7
Dump dual leases

