sample rate: 0.00390625
00000978,
	[1,1]

0000072c,
	[1,72]

00000944,
	[1,3779]

00000640,
	[1,61]

000007a0,
	[2,61]

00000960,
	[1,60]

0000094c,
	[1,3670]

000008b8,
	[4,450]
	[12,3230]

000008d0,
	[2,3688]

00000758,
	[1,64]

000008c8,
	[1,3779]

0000092c,
	[2,3618]

000006a0,
	[1,62]

00000664,
	[4,57]
	[513,1]
	[1273,1]
	[1413,1]
	[713,1]
	[193,1]
	[1553,1]
	[993,1]

00000698,
	[1,60]

000008a4,
	[1,3629]

000006a8,
	[1,59]

00000744,
	[1,65]

000008e0,
	[1,3671]

000008bc,
	[1,3692]

00000938,
	[8,3738]
	[17,8]
	[13,57]

0000063c,
	[4,46]
	[8,2]

000008dc,
	[8,452]
	[20,3047]
	[278,4]
	[318,1]
	[118,2]
	[438,1]
	[258,1]
	[138,2]
	[98,2]
	[638,1]
	[998,2]
	[158,2]
	[858,1]
	[578,1]
	[1058,1]
	[1138,2]
	[398,2]
	[1318,3]
	[838,1]
	[1458,1]
	[978,2]
	[878,2]
	[238,1]
	[1118,2]
	[1278,3]
	[958,3]
	[758,6]
	[1538,5]
	[778,4]
	[1838,3]
	[1338,4]
	[1038,2]
	[1238,4]
	[1298,1]
	[1478,2]
	[1418,4]
	[1798,2]
	[1718,4]
	[1498,1]
	[1818,2]
	[1938,4]
	[1258,2]
	[1558,3]
	[618,2]
	[1578,1]
	[498,3]
	[678,4]
	[2038,4]
	[2118,4]
	[2078,3]
	[418,1]
	[1218,3]
	[2178,4]
	[1918,3]
	[1438,3]
	[818,1]
	[1878,2]
	[119806,1]
	[2138,3]
	[2198,5]
	[1358,2]
	[898,1]
	[1598,2]
	[558,1]
	[2218,3]
	[1898,1]
	[1858,4]
	[2018,2]
	[2478,2]
	[2278,5]
	[2318,1]
	[2738,3]
	[2378,2]
	[2238,1]
	[1698,3]
	[2438,4]
	[2298,3]
	[1758,2]
	[2638,3]
	[2358,1]
	[1018,2]
	[2458,2]
	[2558,2]
	[2718,2]
	[2598,4]
	[518,1]
	[2658,1]
	[1978,1]
	[1178,1]
	[1618,2]
	[598,1]
	[2878,2]
	[2818,1]
	[1638,1]
	[1958,1]
	[698,1]
	[2578,1]
	[2958,2]
	[938,2]
	[2518,1]
	[1158,1]
	[1198,2]
	[2158,1]
	[3158,1]
	[918,1]
	[2698,1]
	[2978,2]
	[2618,1]
	[3098,1]
	[1098,1]
	[2498,1]
	[2918,1]
	[2418,1]
	[1518,1]
	[1738,1]
	[738,1]
	[2538,1]
	[2858,1]
	[538,1]

0000090c,
	[1,3734]

00000898,
	[1,3813]

0000060c,
	[1,2]

000008ac,
	[2,3661]

00000668,
	[1,70]

00000954,
	[1,76]

000006bc,
	[2,67]

00000614,
	[1,63]

00000904,
	[258,7]
	[338,12]
	[158,4]
	[438,16]
	[398,14]
	[5479,1]
	[358,7]
	[478,15]
	[498,14]
	[3159,1]
	[518,11]
	[318,9]
	[418,11]
	[458,13]
	[298,7]
	[598,16]
	[638,21]
	[178,5]
	[658,18]
	[238,7]
	[11959,1]
	[578,23]
	[378,9]
	[218,5]
	[758,17]
	[78,1]
	[11111,1]
	[10605,1]
	[558,12]
	[738,20]
	[898,22]
	[818,27]
	[12077,1]
	[838,17]
	[858,17]
	[278,9]
	[538,16]
	[938,18]
	[978,26]
	[678,18]
	[798,24]
	[998,20]
	[958,21]
	[1018,31]
	[1038,29]
	[1058,29]
	[29557,1]
	[1078,26]
	[918,26]
	[26931,1]
	[778,18]
	[718,24]
	[878,13]
	[22631,1]
	[1118,26]
	[1138,23]
	[198,2]
	[35373,1]
	[36445,1]
	[1198,25]
	[1178,27]
	[34381,1]
	[1238,27]
	[698,11]
	[33071,1]
	[1278,19]
	[1298,24]
	[1158,30]
	[36565,1]
	[40219,1]
	[618,9]
	[34359,1]
	[37111,1]
	[42935,1]
	[1318,25]
	[1098,27]
	[1218,24]
	[1358,24]
	[34295,1]
	[1338,27]
	[1378,22]
	[47653,1]
	[41031,1]
	[48167,1]
	[49565,1]
	[40359,1]
	[1458,32]
	[1398,31]
	[1418,35]
	[45783,1]
	[1258,26]
	[1478,22]
	[1498,34]
	[1538,29]
	[45077,1]
	[1438,33]
	[44333,1]
	[1518,23]
	[1598,26]
	[118,1]
	[59349,1]
	[47029,1]
	[64645,1]
	[1558,27]
	[1658,21]
	[64365,1]
	[1618,31]
	[1638,30]
	[63127,1]
	[75655,1]
	[58599,1]
	[1718,27]
	[1578,23]
	[1738,29]
	[78543,1]
	[76135,1]
	[62695,1]
	[57095,1]
	[1758,30]
	[73173,1]
	[1778,40]
	[1818,25]
	[1698,31]
	[73367,1]
	[138,2]
	[70485,1]
	[1858,23]
	[1878,35]
	[1898,20]
	[71501,1]
	[68141,1]
	[1678,27]
	[1798,32]
	[90097,1]
	[1918,26]
	[89397,1]
	[79317,1]
	[72597,1]
	[1938,27]
	[82135,1]
	[1958,29]
	[1978,37]
	[87213,1]
	[78253,1]
	[86711,1]
	[91095,1]
	[1998,22]
	[92949,1]
	[2038,43]
	[93607,1]
	[89127,1]
	[88199,1]
	[1838,26]
	[102823,1]
	[2058,35]
	[96525,1]
	[86445,1]
	[89383,1]
	[110107,1]
	[101301,1]
	[107899,1]
	[2018,20]
	[2078,31]
	[113173,1]
	[102903,1]
	[2098,26]
	[2118,37]
	[101677,1]
	[115293,1]
	[117469,1]
	[106935,1]
	[94615,1]
	[2158,42]
	[101013,1]
	[94293,1]
	[2138,31]
	[98471,1]
	[111175,1]
	[109389,1]
	[108269,1]
	[119411,1]
	[2198,37]
	[126805,1]
	[111125,1]
	[110005,1]
	[2218,27]
	[2258,29]
	[114061,1]
	[121965,1]
	[2238,29]
	[130877,1]
	[126199,1]
	[120599,1]
	[107159,1]
	[2338,41]
	[117077,1]
	[114837,1]
	[115531,1]
	[2318,38]
	[111335,1]
	[2298,27]
	[132445,1]
	[124653,1]
	[120173,1]
	[116813,1]
	[2278,17]
	[140189,1]
	[132391,1]
	[130151,1]
	[129031,1]
	[122311,1]
	[2178,26]
	[2358,26]
	[2378,16]
	[147343,1]
	[135573,1]
	[140087,1]
	[135607,1]
	[123287,1]
	[2398,31]
	[2438,22]
	[153645,1]
	[143405,1]
	[126605,1]
	[122125,1]
	[2458,27]
	[134423,1]
	[129943,1]
	[2478,29]
	[150101,1]
	[146741,1]
	[133301,1]
	[131061,1]
	[147445,1]
	[128821,1]
	[126581,1]
	[152299,1]
	[2498,31]
	[2518,22]
	[158695,1]
	[132237,1]
	[140349,1]
	[2418,21]
	[2558,29]
	[163825,1]
	[142375,1]
	[137895,1]
	[135655,1]
	[2578,18]
	[164869,1]
	[2538,30]
	[2598,22]
	[163831,1]
	[141431,1]
	[2618,21]
	[159469,1]
	[144909,1]
	[149981,1]
	[155127,2]
	[146167,1]
	[2638,19]
	[168725,1]
	[146325,1]
	[154917,1]
	[175301,1]
	[2678,18]
	[157703,1]
	[157415,1]
	[2658,20]
	[173581,1]
	[159021,1]
	[161479,1]
	[156999,1]
	[172743,1]
	[2698,20]
	[170677,1]
	[166197,1]
	[178775,1]
	[174295,1]
	[165335,1]
	[2718,16]
	[2778,25]
	[170093,1]
	[2758,19]
	[183831,1]
	[174871,1]
	[171511,1]
	[167031,3]
	[194327,1]
	[186389,1]
	[183029,1]
	[165109,1]
	[197125,1]
	[198783,1]
	[195687,1]
	[176505,1]
	[2838,20]
	[2858,21]
	[187085,1]
	[178125,1]
	[181659,1]
	[2878,19]
	[207079,1]
	[176263,1]
	[174023,1]
	[201301,1]
	[212517,1]
	[2738,21]
	[2818,20]
	[2918,15]
	[197239,1]
	[194999,1]
	[190519,1]
	[183799,1]
	[182679,1]
	[2798,17]
	[2898,25]
	[2938,13]
	[194317,1]
	[211575,1]
	[207095,1]
	[221329,1]
	[208119,1]
	[196373,1]
	[186293,2]
	[220229,1]
	[2978,15]
	[2998,20]
	[221641,1]
	[215815,1]
	[3018,17]
	[224269,1]
	[219789,1]
	[207469,1]
	[200749,1]
	[197389,2]
	[226205,1]
	[214727,1]
	[205767,1]
	[200167,1]
	[197927,1]
	[194567,1]
	[3058,20]
	[222005,1]
	[198485,1]
	[197365,1]
	[220309,1]
	[2958,10]
	[3038,15]
	[3078,19]
	[3098,21]
	[210861,1]
	[214493,1]
	[3118,11]
	[223799,1]
	[214839,1]
	[205879,1]
	[230037,1]
	[227797,1]
	[218837,1]
	[237415,1]
	[230695,1]
	[221735,1]
	[217255,1]
	[247751,1]
	[236973,1]
	[225773,1]
	[217933,1]
	[214573,1]
	[226365,1]
	[3158,7]
	[244391,1]
	[238791,1]
	[229831,1]
	[229383,2]
	[3138,14]
	[245109,1]
	[241749,1]
	[3198,10]
	[240247,3]
	[3258,13]
	[236525,1]
	[230925,1]
	[3278,8]
	[260823,1]
	[269345,1]
	[252983,1]
	[248503,2]
	[255255,1]
	[239543,1]
	[3218,9]
	[266999,1]
	[3298,10]
	[265749,1]
	[235861,1]
	[276423,1]
	[262439,1]
	[236679,1]
	[3318,8]
	[3338,7]
	[282173,1]
	[264397,2]
	[258797,1]
	[250957,1]
	[245357,1]
	[276893,1]
	[3358,11]
	[271975,1]
	[263015,1]
	[256295,1]
	[249575,2]
	[248455,1]
	[3178,8]
	[3378,9]
	[260533,1]
	[249333,1]
	[245973,1]
	[270357,1]
	[277111,1]
	[270391,1]
	[269271,1]
	[258071,1]
	[255831,1]
	[252471,1]
	[286967,2]
	[3418,6]
	[286989,1]
	[285869,1]
	[290989,1]
	[267949,1]
	[264589,1]
	[256749,1]
	[251149,1]
	[3238,10]
	[3398,4]
	[258807,1]
	[3458,7]
	[272085,1]
	[270965,1]
	[282571,1]
	[297221,1]
	[3438,5]
	[3478,3]
	[3498,7]
	[293853,1]
	[267341,1]
	[277053,1]
	[277319,1]
	[272839,1]
	[267239,1]
	[277073,1]
	[3538,2]
	[297301,1]
	[311173,1]
	[3518,1]
	[3558,2]
	[305175,1]
	[301815,1]
	[287255,1]
	[3578,2]
	[318115,1]
	[284973,3]
	[283853,1]
	[290525,1]
	[304237,1]
	[-191649,1]

00000674,
	[1,82]

00000628,
	[1,64]

000006e4,
	[2,66]

00000770,
	[1,65]

00000688,
	[2,67]

00000798,
	[141,1]
	[341,2]
	[201,2]
	[441,1]
	[1361,2]
	[241,1]
	[361,1]
	[901,2]
	[1501,1]
	[818,1]
	[701,1]
	[1541,1]
	[881,3]
	[381,1]
	[1401,1]
	[2061,2]
	[181,1]
	[821,1]
	[741,1]
	[1281,1]
	[1181,1]
	[1538,1]
	[1561,1]
	[1001,1]
	[1221,1]
	[761,1]
	[221,1]
	[1801,2]
	[1961,1]
	[1721,1]
	[261,1]
	[2341,2]
	[2221,2]
	[1141,1]
	[1261,1]
	[501,1]
	[2458,1]
	[1081,1]
	[1521,1]
	[1681,1]
	[2241,1]
	[101,1]
	[2101,1]
	[421,1]
	[2478,1]
	[161,2]
	[2081,1]
	[1881,1]
	[1901,1]
	[941,1]
	[1661,1]
	[281,1]
	[961,1]
	[2321,1]
	[638,1]
	[841,1]
	[621,1]
	[1941,2]
	[981,1]
	[1041,1]
	[2281,1]

0000093c,
	[1,3702]

00000890,
	[1,55]

00000918,
	[1,3764]

00000724,
	[1,76]

00000964,
	[1,56]

00000888,
	[1,70]

00000948,
	[1,3760]

000008f8,
	[2,3758]

0000079c,
	[1,66]

0000076c,
	[14,63]

000007b0,
	[1,70]

000008f0,
	[1,3737]

000007d4,
	[1,50]

00000630,
	[2,67]

000006cc,
	[1,63]

00000654,
	[2,58]

00000694,
	[6,68]

00000800,
	[8,70]

0000061c,
	[1,58]

00000780,
	[1,45]

0000074c,
	[1,55]

000006b4,
	[1,75]

0000095c,
	[1,50]

000006f4,
	[1,53]

00000760,
	[2,55]

00000788,
	[2,59]

00000700,
	[1,64]

000007a8,
	[3,19]
	[1118,2]
	[1418,2]
	[718,1]
	[1338,2]
	[1498,2]
	[258,2]
	[1558,1]
	[418,1]
	[2098,1]
	[938,1]
	[1878,1]
	[798,1]
	[2198,1]
	[958,1]
	[2138,1]
	[1398,1]
	[1518,2]
	[1578,1]
	[2378,1]
	[2958,1]
	[1098,1]
	[2638,1]
	[3018,1]
	[3158,1]
	[1258,1]
	[2078,1]
	[1658,1]
	[2578,1]

000007bc,
	[435,1]
	[395,1]
	[135,1]
	[95,1]
	[235,1]
	[615,1]
	[778,1]
	[898,1]
	[375,1]
	[175,1]
	[938,1]
	[155,1]
	[1598,2]
	[1018,1]
	[878,1]
	[215,2]
	[1418,1]
	[1858,1]
	[775,1]
	[495,1]
	[1538,1]
	[1658,1]
	[1938,1]
	[555,2]
	[735,1]
	[2218,1]
	[258,1]
	[578,1]
	[1818,1]
	[1918,2]
	[2258,1]
	[818,1]
	[1898,1]
	[1578,1]
	[2538,1]
	[1958,1]
	[1778,1]
	[2378,1]
	[1358,1]
	[1878,1]
	[2778,1]
	[75,1]
	[715,1]
	[738,1]
	[1758,1]
	[335,1]
	[1518,1]
	[1838,1]
	[2158,1]
	[855,1]
	[1218,1]
	[675,1]
	[2658,1]
	[3498,1]
	[2518,1]
	[2938,1]
	[3098,1]

000006f0,
	[17,54]
	[658,1]
	[638,1]
	[1578,2]
	[338,1]

0000073c,
	[1,72]

00000734,
	[1,58]

00000714,
	[2,69]

00000720,
	[9,66]

00000884,
	[13,2]

0000064c,
	[1,70]

000007f4,
	[2,63]

000006dc,
	[1,63]

000006c8,
	[8,45]

000007e0,
	[1,65]

000007b4,
	[2,55]

00000864,
	[1,1]

0000081c,
	[2,1]

0000096c,
	[1,1]

len(carl_order):
89
Printing carl assignment order:
00000978,1,1.0
0000072c,1,1.0
00000944,1,1.0
00000640,1,1.0
00000960,1,1.0
0000094c,1,1.0
00000758,1,1.0
000008c8,1,1.0
000006a0,1,1.0
00000698,1,1.0
000008a4,1,1.0
000006a8,1,1.0
00000744,1,1.0
000008e0,1,1.0
000008bc,1,1.0
0000090c,1,1.0
00000898,1,1.0
0000060c,1,1.0
00000668,1,1.0
00000954,1,1.0
00000614,1,1.0
00000674,1,1.0
00000628,1,1.0
00000770,1,1.0
0000093c,1,1.0
00000890,1,1.0
00000918,1,1.0
00000724,1,1.0
00000964,1,1.0
00000888,1,1.0
00000948,1,1.0
0000079c,1,1.0
000007b0,1,1.0
000008f0,1,1.0
000007d4,1,1.0
000006cc,1,1.0
0000061c,1,1.0
00000780,1,1.0
0000074c,1,1.0
000006b4,1,1.0
0000095c,1,1.0
000006f4,1,1.0
00000700,1,1.0
0000073c,1,1.0
00000734,1,1.0
0000064c,1,1.0
000006dc,1,1.0
000007e0,1,1.0
00000864,1,1.0
0000096c,1,1.0
000007a0,2,0.5
000008d0,2,0.5
0000092c,2,0.5
000008ac,2,0.5
000006bc,2,0.5
000006e4,2,0.5
00000688,2,0.5
000008f8,2,0.5
00000630,2,0.5
00000654,2,0.5
00000760,2,0.5
00000788,2,0.5
00000714,2,0.5
000007f4,2,0.5
000007b4,2,0.5
0000081c,2,0.5
0000063c,8,0.24
00000664,4,0.22265625
00000694,6,0.16666666666666666
00000800,8,0.125
000006c8,8,0.125
00000938,17,0.1235502420324226
000007a8,3,0.11949685534591195
00000720,9,0.1111111111111111
000008b8,12,0.09072978303747535
00000884,13,0.07692307692307693
0000076c,14,0.07142857142857142
000006f0,17,0.053838484546360914
000008dc,20,0.050435309040590404
000006f0,1578,0.0010626992561105207
00000664,1553,0.0010569228446323418
00000798,2478,0.0008420032757387714
000007bc,3498,0.0007741607970048861
000007a8,3158,0.0006332650400447011
000008dc,3158,0.0006301230315219047
00000904,3498,0.00047073633886996136
00000904,3578,0.00028340080971659917
000008dc,119806,8.572800219463686e-06
00000904,318115,5.933893605170157e-06
assigning lease 1 to address 00000978
Average Cache Occupancy Per Bin: [0.00,0.0,0.0,0.0,0.0,0.0,0.0,0.0,0.0,0.0,0.0,0.0,0.0,0.0,0.0,0.0,0.0,0.0,0.0,0.0,0.0,0.0,0.0,0.0,0.0,0.0,0.0,0.0,0.0,0.0,0.0,0.0,0.0,0.0,0.0,0.0,0.0,0.0,0.0,0.0,0.0,0.0,0.0,0.0,0.0,0.0,0.0,0.0,0.0,0.0]
Total cost: 256.0
assigning lease 1 to address 0000072c
Average Cache Occupancy Per Bin: [0.00,0.00,0.00,0.00,0.00,0.00,0.00,0.00,0.00,0.00,0.00,0.00,0.00,0.00,0.00,0.00,0.00,0.0,0.00,0.00,0.00,0.0,0.00,0.00,0.00,0.00,0.0,0.0,0.0,0.00,0.00,0.0,0.0,0.00,0.00,0.00,0.00,0.00,0.0,0.0,0.00,0.00,0.00,0.0,0.00,0.00,0.00,0.00,0.00,0.0]
Total cost: 2048.0
assigning lease 1 to address 00000944
Average Cache Occupancy Per Bin: [0.03,0.04,0.04,0.05,0.05,0.04,0.04,0.04,0.04,0.05,0.06,0.05,0.05,0.05,0.06,0.06,0.04,0.04,0.05,0.04,0.04,0.04,0.04,0.05,0.03,0.04,0.04,0.05,0.03,0.04,0.04,0.04,0.04,0.05,0.04,0.05,0.04,0.05,0.05,0.05,0.06,0.05,0.04,0.05,0.04,0.05,0.05,0.04,0.04,0.05]
Total cost: 15360.0
assigning lease 1 to address 00000640
Average Cache Occupancy Per Bin: [0.04,0.05,0.04,0.05,0.05,0.04,0.04,0.04,0.04,0.05,0.06,0.05,0.05,0.05,0.06,0.06,0.04,0.04,0.05,0.04,0.05,0.04,0.04,0.05,0.03,0.04,0.04,0.05,0.03,0.04,0.04,0.04,0.04,0.05,0.05,0.05,0.04,0.05,0.05,0.05,0.06,0.05,0.04,0.06,0.04,0.05,0.05,0.05,0.04,0.05]
Total cost: 16384.0
assigning lease 1 to address 00000960
Average Cache Occupancy Per Bin: [0.04,0.05,0.04,0.05,0.05,0.04,0.04,0.04,0.04,0.05,0.06,0.05,0.05,0.05,0.06,0.06,0.04,0.04,0.05,0.04,0.05,0.04,0.04,0.05,0.03,0.05,0.04,0.05,0.04,0.04,0.04,0.04,0.04,0.05,0.05,0.05,0.04,0.05,0.05,0.05,0.06,0.05,0.04,0.06,0.04,0.05,0.05,0.05,0.04,0.05]
Total cost: 17920.0
assigning lease 1 to address 0000094c
Average Cache Occupancy Per Bin: [0.09,0.10,0.08,0.09,0.09,0.08,0.09,0.08,0.09,0.09,0.10,0.09,0.11,0.10,0.10,0.10,0.09,0.09,0.10,0.08,0.09,0.09,0.08,0.09,0.08,0.09,0.09,0.09,0.09,0.09,0.08,0.10,0.09,0.09,0.09,0.10,0.08,0.10,0.09,0.09,0.11,0.10,0.09,0.10,0.08,0.11,0.10,0.10,0.10,0.10]
Total cost: 38912.0
assigning lease 1 to address 00000758
Average Cache Occupancy Per Bin: [0.09,0.10,0.09,0.10,0.09,0.08,0.09,0.08,0.09,0.09,0.10,0.10,0.11,0.10,0.10,0.11,0.09,0.09,0.10,0.08,0.09,0.09,0.08,0.09,0.08,0.09,0.09,0.09,0.09,0.09,0.08,0.10,0.09,0.09,0.10,0.10,0.08,0.10,0.09,0.09,0.11,0.10,0.09,0.10,0.08,0.11,0.10,0.10,0.10,0.10]
Total cost: 39168.0
assigning lease 1 to address 000008c8
Average Cache Occupancy Per Bin: [0.14,0.14,0.14,0.14,0.13,0.13,0.14,0.13,0.13,0.14,0.15,0.14,0.16,0.16,0.15,0.15,0.13,0.14,0.15,0.13,0.14,0.14,0.13,0.14,0.13,0.14,0.13,0.13,0.13,0.14,0.14,0.16,0.13,0.14,0.14,0.14,0.13,0.15,0.15,0.14,0.16,0.14,0.13,0.14,0.14,0.16,0.14,0.16,0.15,0.16]
Total cost: 56576.0
assigning lease 1 to address 000006a0
Average Cache Occupancy Per Bin: [0.14,0.15,0.14,0.14,0.13,0.13,0.14,0.13,0.13,0.14,0.15,0.14,0.16,0.16,0.15,0.15,0.13,0.14,0.16,0.13,0.14,0.14,0.13,0.14,0.13,0.14,0.13,0.13,0.13,0.14,0.14,0.16,0.13,0.14,0.14,0.14,0.13,0.15,0.15,0.14,0.16,0.14,0.14,0.14,0.15,0.16,0.14,0.16,0.15,0.16]
Total cost: 57344.0
assigning lease 1 to address 00000698
Average Cache Occupancy Per Bin: [0.14,0.15,0.15,0.14,0.13,0.13,0.14,0.13,0.13,0.14,0.15,0.14,0.16,0.16,0.15,0.16,0.14,0.14,0.16,0.13,0.14,0.14,0.13,0.14,0.13,0.14,0.13,0.13,0.13,0.14,0.14,0.16,0.13,0.14,0.14,0.14,0.13,0.15,0.15,0.14,0.16,0.15,0.14,0.14,0.15,0.16,0.14,0.16,0.15,0.16]
Total cost: 58368.0
assigning lease 1 to address 000008a4
Average Cache Occupancy Per Bin: [0.17,0.19,0.20,0.19,0.18,0.18,0.20,0.19,0.17,0.18,0.20,0.20,0.20,0.21,0.20,0.21,0.17,0.19,0.21,0.17,0.19,0.20,0.19,0.19,0.17,0.19,0.19,0.18,0.18,0.18,0.18,0.19,0.19,0.18,0.19,0.19,0.19,0.19,0.19,0.19,0.20,0.19,0.18,0.20,0.19,0.20,0.18,0.21,0.19,0.21]
Total cost: 68864.0
assigning lease 1 to address 000006a8
Average Cache Occupancy Per Bin: [0.17,0.19,0.20,0.19,0.18,0.18,0.20,0.19,0.17,0.18,0.20,0.20,0.20,0.21,0.21,0.21,0.17,0.19,0.21,0.17,0.19,0.20,0.19,0.19,0.17,0.19,0.19,0.18,0.18,0.18,0.18,0.19,0.19,0.18,0.19,0.19,0.19,0.19,0.19,0.19,0.20,0.19,0.18,0.20,0.19,0.20,0.18,0.21,0.19,0.21]
Total cost: 70144.0
assigning lease 1 to address 00000744
Average Cache Occupancy Per Bin: [0.17,0.19,0.20,0.19,0.18,0.18,0.20,0.19,0.17,0.18,0.20,0.20,0.21,0.21,0.21,0.21,0.17,0.20,0.21,0.17,0.19,0.20,0.19,0.19,0.17,0.19,0.19,0.18,0.18,0.18,0.18,0.19,0.19,0.18,0.19,0.19,0.19,0.19,0.19,0.19,0.20,0.19,0.18,0.20,0.19,0.20,0.18,0.21,0.19,0.21]
Total cost: 71936.0
assigning lease 1 to address 000008e0
Average Cache Occupancy Per Bin: [0.23,0.24,0.24,0.24,0.23,0.22,0.25,0.23,0.21,0.23,0.25,0.24,0.25,0.26,0.25,0.25,0.22,0.24,0.25,0.22,0.25,0.24,0.23,0.24,0.22,0.24,0.23,0.24,0.23,0.23,0.23,0.24,0.23,0.23,0.24,0.24,0.23,0.25,0.25,0.24,0.24,0.23,0.23,0.24,0.25,0.25,0.24,0.26,0.24,0.26]
Total cost: 93440.0
assigning lease 1 to address 000008bc
Average Cache Occupancy Per Bin: [0.27,0.28,0.29,0.28,0.27,0.28,0.30,0.27,0.27,0.27,0.30,0.29,0.29,0.30,0.28,0.30,0.27,0.29,0.30,0.27,0.29,0.28,0.28,0.29,0.26,0.29,0.28,0.29,0.27,0.27,0.28,0.29,0.28,0.27,0.29,0.28,0.28,0.30,0.30,0.29,0.29,0.27,0.28,0.29,0.31,0.29,0.28,0.30,0.29,0.31]
Total cost: 110592.0
assigning lease 1 to address 0000090c
Average Cache Occupancy Per Bin: [0.32,0.33,0.34,0.33,0.33,0.32,0.34,0.31,0.31,0.32,0.34,0.33,0.34,0.35,0.33,0.35,0.33,0.34,0.35,0.33,0.34,0.33,0.33,0.33,0.31,0.34,0.34,0.33,0.32,0.32,0.32,0.33,0.34,0.33,0.33,0.33,0.33,0.35,0.34,0.33,0.34,0.32,0.33,0.34,0.36,0.34,0.33,0.34,0.34,0.35]
Total cost: 129280.0
assigning lease 1 to address 00000898
Average Cache Occupancy Per Bin: [0.36,0.38,0.38,0.37,0.37,0.37,0.39,0.36,0.37,0.37,0.38,0.38,0.39,0.40,0.38,0.39,0.37,0.39,0.39,0.39,0.38,0.37,0.37,0.38,0.36,0.40,0.38,0.38,0.36,0.37,0.37,0.38,0.38,0.38,0.38,0.38,0.39,0.40,0.41,0.38,0.39,0.37,0.37,0.38,0.41,0.39,0.37,0.40,0.38,0.41]
Total cost: 146688.0
assigning lease 1 to address 0000060c
Average Cache Occupancy Per Bin: [0.36,0.38,0.38,0.37,0.37,0.37,0.39,0.36,0.37,0.37,0.38,0.38,0.39,0.40,0.38,0.39,0.37,0.39,0.39,0.39,0.38,0.37,0.37,0.38,0.36,0.40,0.38,0.38,0.36,0.37,0.37,0.38,0.38,0.38,0.38,0.38,0.39,0.40,0.41,0.38,0.39,0.37,0.37,0.38,0.41,0.39,0.37,0.40,0.38,0.41]
Total cost: 146944.0
assigning lease 1 to address 00000668
Average Cache Occupancy Per Bin: [0.36,0.38,0.39,0.37,0.37,0.37,0.39,0.36,0.37,0.37,0.38,0.38,0.39,0.40,0.38,0.39,0.37,0.39,0.39,0.39,0.38,0.37,0.37,0.39,0.36,0.40,0.38,0.38,0.36,0.37,0.38,0.38,0.38,0.39,0.38,0.38,0.39,0.41,0.41,0.38,0.40,0.37,0.37,0.38,0.41,0.39,0.37,0.40,0.38,0.41]
Total cost: 147968.0
assigning lease 1 to address 00000954
Average Cache Occupancy Per Bin: [0.37,0.38,0.39,0.37,0.37,0.37,0.39,0.36,0.37,0.37,0.38,0.38,0.40,0.40,0.38,0.39,0.37,0.39,0.39,0.39,0.38,0.37,0.37,0.39,0.36,0.40,0.38,0.38,0.36,0.37,0.38,0.38,0.38,0.39,0.38,0.38,0.39,0.41,0.41,0.38,0.40,0.37,0.37,0.38,0.41,0.39,0.37,0.40,0.38,0.41]
Total cost: 148736.0
assigning lease 1 to address 00000614
Average Cache Occupancy Per Bin: [0.37,0.39,0.39,0.37,0.37,0.37,0.39,0.36,0.37,0.37,0.38,0.38,0.40,0.40,0.38,0.39,0.37,0.39,0.40,0.39,0.38,0.37,0.37,0.39,0.36,0.40,0.38,0.38,0.37,0.37,0.38,0.39,0.38,0.39,0.38,0.38,0.39,0.41,0.41,0.38,0.40,0.37,0.38,0.39,0.41,0.40,0.37,0.40,0.38,0.41]
Total cost: 149760.0
assigning lease 1 to address 00000674
Average Cache Occupancy Per Bin: [0.37,0.39,0.39,0.38,0.37,0.37,0.40,0.36,0.37,0.38,0.39,0.38,0.40,0.40,0.38,0.40,0.37,0.40,0.40,0.39,0.39,0.38,0.37,0.39,0.36,0.40,0.38,0.38,0.37,0.37,0.38,0.39,0.39,0.39,0.38,0.38,0.39,0.41,0.41,0.38,0.40,0.37,0.38,0.39,0.41,0.40,0.37,0.40,0.39,0.41]
Total cost: 151296.0
assigning lease 1 to address 00000628
Average Cache Occupancy Per Bin: [0.38,0.39,0.40,0.38,0.37,0.37,0.40,0.36,0.37,0.38,0.39,0.38,0.40,0.40,0.38,0.40,0.37,0.40,0.40,0.39,0.39,0.38,0.37,0.39,0.36,0.40,0.38,0.38,0.37,0.37,0.38,0.39,0.39,0.39,0.38,0.38,0.39,0.41,0.41,0.38,0.40,0.37,0.38,0.39,0.41,0.40,0.37,0.40,0.39,0.41]
Total cost: 153088.0
assigning lease 1 to address 00000770
Average Cache Occupancy Per Bin: [0.38,0.39,0.40,0.38,0.37,0.38,0.40,0.36,0.37,0.38,0.39,0.39,0.40,0.40,0.39,0.40,0.37,0.40,0.40,0.39,0.39,0.38,0.37,0.39,0.36,0.40,0.38,0.39,0.37,0.37,0.38,0.39,0.39,0.39,0.38,0.39,0.39,0.41,0.41,0.38,0.40,0.37,0.38,0.39,0.41,0.40,0.38,0.40,0.39,0.41]
Total cost: 154368.0
assigning lease 1 to address 0000093c
Average Cache Occupancy Per Bin: [0.41,0.44,0.44,0.42,0.41,0.41,0.45,0.41,0.42,0.42,0.43,0.43,0.44,0.45,0.43,0.44,0.42,0.45,0.45,0.43,0.44,0.43,0.43,0.44,0.41,0.45,0.43,0.43,0.41,0.42,0.43,0.43,0.43,0.44,0.44,0.44,0.45,0.46,0.47,0.43,0.44,0.42,0.43,0.45,0.46,0.45,0.42,0.46,0.44,0.45]
Total cost: 168192.0
assigning lease 1 to address 00000890
Average Cache Occupancy Per Bin: [0.42,0.44,0.44,0.42,0.41,0.41,0.45,0.42,0.42,0.42,0.43,0.43,0.44,0.45,0.43,0.44,0.42,0.45,0.45,0.43,0.44,0.43,0.43,0.44,0.41,0.45,0.43,0.43,0.42,0.42,0.43,0.43,0.43,0.44,0.44,0.44,0.45,0.46,0.47,0.43,0.44,0.42,0.43,0.45,0.46,0.45,0.42,0.46,0.44,0.45]
Total cost: 168704.0
assigning lease 1 to address 00000918
Average Cache Occupancy Per Bin: [0.47,0.49,0.48,0.46,0.47,0.47,0.50,0.46,0.46,0.48,0.48,0.47,0.49,0.50,0.48,0.49,0.46,0.50,0.50,0.48,0.49,0.48,0.48,0.50,0.46,0.50,0.47,0.48,0.46,0.46,0.48,0.48,0.48,0.48,0.48,0.48,0.50,0.51,0.51,0.49,0.48,0.48,0.47,0.50,0.51,0.50,0.46,0.51,0.49,0.50]
Total cost: 191232.0
assigning lease 1 to address 00000724
Average Cache Occupancy Per Bin: [0.48,0.49,0.48,0.46,0.47,0.47,0.50,0.46,0.47,0.48,0.48,0.47,0.49,0.50,0.48,0.49,0.46,0.50,0.50,0.49,0.49,0.48,0.49,0.50,0.46,0.50,0.47,0.48,0.46,0.46,0.48,0.48,0.48,0.48,0.48,0.49,0.50,0.51,0.51,0.49,0.48,0.48,0.47,0.50,0.51,0.50,0.46,0.51,0.49,0.50]
Total cost: 193024.0
assigning lease 1 to address 00000964
Average Cache Occupancy Per Bin: [0.48,0.49,0.49,0.46,0.47,0.47,0.50,0.46,0.47,0.48,0.48,0.47,0.49,0.50,0.48,0.49,0.46,0.50,0.50,0.49,0.49,0.48,0.49,0.50,0.46,0.50,0.47,0.48,0.46,0.46,0.48,0.48,0.48,0.49,0.48,0.49,0.50,0.51,0.51,0.49,0.48,0.48,0.48,0.50,0.51,0.50,0.46,0.51,0.49,0.50]
Total cost: 195072.0
assigning lease 1 to address 00000888
Average Cache Occupancy Per Bin: [0.48,0.49,0.49,0.46,0.47,0.47,0.50,0.46,0.47,0.48,0.48,0.47,0.49,0.50,0.48,0.49,0.46,0.50,0.50,0.49,0.49,0.48,0.49,0.50,0.46,0.50,0.47,0.48,0.46,0.47,0.48,0.48,0.48,0.49,0.48,0.49,0.50,0.51,0.52,0.49,0.48,0.48,0.48,0.50,0.51,0.50,0.46,0.51,0.49,0.50]
Total cost: 195840.0
assigning lease 1 to address 00000948
Average Cache Occupancy Per Bin: [0.52,0.54,0.53,0.51,0.53,0.53,0.55,0.50,0.52,0.54,0.53,0.53,0.54,0.54,0.53,0.54,0.52,0.54,0.55,0.54,0.54,0.54,0.53,0.55,0.51,0.55,0.52,0.53,0.52,0.52,0.53,0.53,0.52,0.53,0.53,0.54,0.55,0.55,0.56,0.53,0.53,0.53,0.52,0.55,0.56,0.54,0.51,0.56,0.54,0.55]
Total cost: 210432.0
assigning lease 1 to address 0000079c
Average Cache Occupancy Per Bin: [0.52,0.54,0.53,0.51,0.53,0.53,0.55,0.50,0.52,0.54,0.53,0.53,0.54,0.54,0.53,0.54,0.52,0.54,0.55,0.54,0.54,0.54,0.53,0.55,0.51,0.55,0.52,0.53,0.52,0.52,0.53,0.53,0.52,0.53,0.53,0.54,0.55,0.55,0.56,0.53,0.53,0.53,0.52,0.55,0.56,0.54,0.51,0.56,0.54,0.55]
Total cost: 212224.0
assigning lease 1 to address 000007b0
Average Cache Occupancy Per Bin: [0.53,0.54,0.53,0.52,0.53,0.53,0.56,0.51,0.52,0.54,0.53,0.53,0.54,0.54,0.54,0.54,0.52,0.54,0.55,0.54,0.54,0.54,0.53,0.55,0.51,0.55,0.53,0.54,0.52,0.52,0.53,0.53,0.53,0.53,0.53,0.54,0.55,0.55,0.56,0.54,0.53,0.53,0.52,0.55,0.56,0.54,0.51,0.56,0.54,0.55]
Total cost: 213248.0
assigning lease 1 to address 000008f0
Average Cache Occupancy Per Bin: [0.56,0.57,0.59,0.57,0.58,0.58,0.60,0.56,0.57,0.58,0.57,0.57,0.59,0.60,0.58,0.60,0.57,0.58,0.59,0.59,0.58,0.59,0.58,0.60,0.56,0.59,0.58,0.59,0.56,0.57,0.58,0.58,0.58,0.58,0.58,0.59,0.60,0.60,0.60,0.58,0.58,0.58,0.57,0.59,0.61,0.58,0.55,0.61,0.59,0.60]
Total cost: 226816.0
assigning lease 1 to address 000007d4
Average Cache Occupancy Per Bin: [0.56,0.57,0.59,0.57,0.58,0.58,0.60,0.56,0.57,0.58,0.57,0.57,0.59,0.60,0.58,0.60,0.57,0.58,0.60,0.59,0.59,0.59,0.58,0.60,0.56,0.59,0.58,0.59,0.56,0.57,0.58,0.58,0.58,0.58,0.58,0.59,0.60,0.60,0.60,0.58,0.58,0.58,0.57,0.59,0.61,0.59,0.56,0.61,0.59,0.60]
Total cost: 228096.0
assigning lease 1 to address 000006cc
Average Cache Occupancy Per Bin: [0.57,0.57,0.59,0.57,0.59,0.58,0.60,0.56,0.57,0.59,0.57,0.58,0.59,0.60,0.58,0.60,0.57,0.58,0.60,0.59,0.59,0.59,0.58,0.60,0.56,0.59,0.58,0.59,0.56,0.57,0.58,0.58,0.58,0.58,0.58,0.59,0.60,0.60,0.60,0.58,0.58,0.58,0.57,0.59,0.61,0.59,0.56,0.61,0.59,0.60]
Total cost: 229888.0
assigning lease 1 to address 0000061c
Average Cache Occupancy Per Bin: [0.57,0.58,0.59,0.57,0.59,0.58,0.60,0.56,0.57,0.59,0.57,0.58,0.59,0.60,0.58,0.60,0.58,0.59,0.60,0.59,0.59,0.59,0.58,0.60,0.56,0.59,0.58,0.59,0.56,0.57,0.58,0.58,0.58,0.58,0.58,0.59,0.60,0.60,0.60,0.58,0.58,0.58,0.57,0.59,0.61,0.59,0.56,0.61,0.59,0.60]
Total cost: 231168.0
assigning lease 1 to address 00000780
Average Cache Occupancy Per Bin: [0.57,0.58,0.59,0.57,0.59,0.58,0.60,0.56,0.57,0.59,0.58,0.58,0.59,0.60,0.58,0.60,0.58,0.59,0.60,0.59,0.59,0.59,0.58,0.60,0.56,0.59,0.58,0.59,0.56,0.57,0.58,0.58,0.58,0.58,0.58,0.59,0.60,0.60,0.60,0.59,0.58,0.58,0.57,0.59,0.61,0.59,0.56,0.61,0.59,0.60]
Total cost: 231424.0
assigning lease 1 to address 0000074c
Average Cache Occupancy Per Bin: [0.57,0.58,0.60,0.57,0.59,0.58,0.60,0.56,0.57,0.59,0.58,0.58,0.60,0.60,0.58,0.60,0.58,0.59,0.60,0.59,0.59,0.59,0.58,0.60,0.57,0.59,0.58,0.59,0.57,0.57,0.58,0.58,0.58,0.58,0.58,0.59,0.60,0.60,0.61,0.59,0.58,0.58,0.57,0.59,0.61,0.59,0.56,0.61,0.59,0.60]
Total cost: 232448.0
assigning lease 1 to address 000006b4
Average Cache Occupancy Per Bin: [0.58,0.58,0.60,0.57,0.59,0.58,0.61,0.56,0.57,0.59,0.58,0.58,0.60,0.60,0.58,0.60,0.58,0.59,0.60,0.59,0.59,0.59,0.58,0.60,0.57,0.59,0.59,0.59,0.57,0.57,0.58,0.58,0.58,0.58,0.58,0.59,0.60,0.60,0.61,0.59,0.59,0.58,0.58,0.60,0.61,0.59,0.56,0.61,0.59,0.60]
Total cost: 233984.0
assigning lease 1 to address 0000095c
Average Cache Occupancy Per Bin: [0.58,0.58,0.60,0.58,0.59,0.58,0.61,0.57,0.57,0.59,0.58,0.58,0.60,0.60,0.58,0.60,0.58,0.59,0.60,0.59,0.59,0.59,0.58,0.60,0.57,0.59,0.59,0.59,0.57,0.57,0.58,0.59,0.58,0.58,0.58,0.60,0.60,0.60,0.61,0.59,0.59,0.58,0.58,0.60,0.61,0.59,0.56,0.61,0.60,0.60]
Total cost: 235520.0
assigning lease 1 to address 000006f4
Average Cache Occupancy Per Bin: [0.58,0.58,0.60,0.58,0.59,0.59,0.61,0.57,0.57,0.59,0.58,0.58,0.60,0.61,0.58,0.60,0.58,0.59,0.60,0.59,0.59,0.59,0.58,0.60,0.57,0.59,0.59,0.59,0.57,0.57,0.58,0.59,0.58,0.58,0.58,0.60,0.60,0.61,0.61,0.59,0.59,0.58,0.58,0.60,0.61,0.59,0.56,0.61,0.60,0.60]
Total cost: 236544.0
assigning lease 1 to address 00000700
Average Cache Occupancy Per Bin: [0.59,0.59,0.60,0.58,0.59,0.59,0.61,0.57,0.57,0.59,0.58,0.58,0.60,0.61,0.59,0.61,0.58,0.59,0.60,0.60,0.59,0.60,0.58,0.60,0.57,0.59,0.59,0.59,0.57,0.57,0.59,0.59,0.58,0.58,0.58,0.60,0.61,0.61,0.61,0.59,0.59,0.58,0.58,0.60,0.61,0.59,0.56,0.61,0.60,0.60]
Total cost: 237824.0
assigning lease 1 to address 0000073c
Average Cache Occupancy Per Bin: [0.59,0.59,0.60,0.58,0.59,0.59,0.61,0.57,0.58,0.59,0.58,0.58,0.60,0.61,0.59,0.61,0.58,0.59,0.61,0.60,0.60,0.60,0.58,0.61,0.57,0.59,0.59,0.60,0.57,0.58,0.59,0.59,0.58,0.58,0.58,0.60,0.61,0.61,0.61,0.59,0.59,0.58,0.58,0.60,0.61,0.59,0.56,0.61,0.60,0.60]
Total cost: 238848.0
assigning lease 1 to address 00000734
Average Cache Occupancy Per Bin: [0.59,0.59,0.60,0.58,0.59,0.59,0.61,0.57,0.58,0.59,0.58,0.58,0.60,0.61,0.59,0.61,0.58,0.59,0.61,0.60,0.60,0.60,0.58,0.61,0.57,0.59,0.59,0.60,0.57,0.58,0.59,0.59,0.58,0.58,0.58,0.60,0.61,0.61,0.61,0.59,0.59,0.58,0.58,0.60,0.61,0.59,0.56,0.61,0.60,0.60]
Total cost: 239616.0
assigning lease 1 to address 0000064c
Average Cache Occupancy Per Bin: [0.59,0.59,0.60,0.58,0.60,0.59,0.61,0.57,0.58,0.59,0.58,0.58,0.60,0.61,0.59,0.61,0.58,0.59,0.61,0.60,0.60,0.60,0.59,0.61,0.57,0.60,0.59,0.60,0.57,0.58,0.59,0.59,0.58,0.58,0.58,0.60,0.61,0.61,0.61,0.59,0.59,0.58,0.58,0.60,0.61,0.59,0.56,0.61,0.60,0.60]
Total cost: 240128.0
assigning lease 1 to address 000006dc
Average Cache Occupancy Per Bin: [0.59,0.59,0.61,0.58,0.60,0.59,0.61,0.57,0.58,0.59,0.58,0.58,0.60,0.61,0.59,0.61,0.58,0.59,0.61,0.60,0.60,0.60,0.59,0.61,0.57,0.60,0.59,0.60,0.57,0.58,0.59,0.59,0.58,0.58,0.58,0.60,0.61,0.61,0.61,0.59,0.59,0.58,0.58,0.60,0.61,0.59,0.56,0.61,0.60,0.60]
Total cost: 240384.0
assigning lease 1 to address 000007e0
Average Cache Occupancy Per Bin: [0.59,0.59,0.61,0.59,0.60,0.60,0.61,0.57,0.58,0.59,0.58,0.58,0.60,0.61,0.59,0.61,0.58,0.59,0.61,0.60,0.60,0.60,0.59,0.61,0.57,0.60,0.59,0.60,0.57,0.58,0.59,0.59,0.58,0.58,0.58,0.60,0.61,0.61,0.61,0.59,0.59,0.58,0.58,0.60,0.61,0.59,0.56,0.61,0.60,0.60]
Total cost: 240384.0
assigning lease 1 to address 00000864
Average Cache Occupancy Per Bin: [0.59,0.59,0.61,0.59,0.60,0.60,0.61,0.57,0.58,0.59,0.58,0.58,0.60,0.61,0.59,0.61,0.58,0.59,0.61,0.60,0.60,0.60,0.59,0.61,0.57,0.60,0.59,0.60,0.57,0.58,0.59,0.59,0.58,0.58,0.58,0.60,0.61,0.61,0.61,0.59,0.59,0.58,0.58,0.60,0.61,0.59,0.56,0.61,0.60,0.60]
Total cost: 240384.0
assigning lease 1 to address 0000096c
Average Cache Occupancy Per Bin: [0.59,0.59,0.61,0.59,0.60,0.60,0.61,0.57,0.58,0.59,0.58,0.58,0.60,0.61,0.59,0.61,0.58,0.59,0.61,0.60,0.60,0.60,0.59,0.61,0.57,0.60,0.59,0.60,0.57,0.58,0.59,0.59,0.58,0.58,0.58,0.60,0.61,0.61,0.61,0.59,0.59,0.58,0.58,0.60,0.61,0.59,0.56,0.61,0.60,0.60]
Total cost: 240384.0
assigning lease 2 to address 000007a0
Average Cache Occupancy Per Bin: [0.60,0.60,0.61,0.59,0.60,0.60,0.61,0.57,0.58,0.60,0.59,0.59,0.61,0.61,0.59,0.61,0.58,0.59,0.61,0.60,0.60,0.60,0.59,0.61,0.57,0.60,0.59,0.60,0.57,0.58,0.59,0.59,0.58,0.59,0.58,0.60,0.61,0.61,0.61,0.59,0.59,0.59,0.58,0.60,0.61,0.59,0.56,0.61,0.60,0.60]
Total cost: 243456.0
assigning lease 2 to address 000008d0
Average Cache Occupancy Per Bin: [0.67,0.67,0.69,0.70,0.69,0.70,0.69,0.67,0.69,0.68,0.68,0.68,0.69,0.71,0.68,0.71,0.69,0.70,0.70,0.70,0.71,0.70,0.70,0.68,0.66,0.69,0.68,0.70,0.66,0.67,0.67,0.67,0.66,0.70,0.69,0.69,0.70,0.74,0.70,0.70,0.68,0.68,0.67,0.70,0.72,0.69,0.67,0.70,0.70,0.70]
Total cost: 272640.0
assigning lease 2 to address 0000092c
Average Cache Occupancy Per Bin: [0.76,0.78,0.78,0.80,0.80,0.80,0.78,0.78,0.78,0.79,0.77,0.78,0.77,0.79,0.77,0.79,0.80,0.79,0.80,0.78,0.78,0.79,0.80,0.77,0.77,0.78,0.76,0.79,0.75,0.76,0.78,0.78,0.75,0.78,0.78,0.78,0.78,0.82,0.80,0.79,0.76,0.79,0.79,0.78,0.79,0.78,0.77,0.81,0.77,0.81]
Total cost: 307968.0
assigning lease 2 to address 000008ac
Average Cache Occupancy Per Bin: [0.84,0.85,0.86,0.89,0.89,0.88,0.87,0.87,0.88,0.87,0.86,0.86,0.85,0.89,0.86,0.87,0.89,0.87,0.89,0.87,0.89,0.89,0.93,0.88,0.87,0.88,0.84,0.88,0.85,0.86,0.88,0.87,0.87,0.86,0.87,0.87,0.87,0.91,0.87,0.88,0.88,0.88,0.88,0.87,0.90,0.88,0.87,0.89,0.87,0.90]
Total cost: 338176.0
assigning lease 2 to address 000006bc
Average Cache Occupancy Per Bin: [0.84,0.86,0.87,0.89,0.89,0.89,0.88,0.87,0.88,0.88,0.87,0.87,0.85,0.89,0.86,0.87,0.89,0.87,0.89,0.87,0.89,0.89,0.93,0.89,0.87,0.88,0.84,0.88,0.85,0.87,0.88,0.87,0.87,0.86,0.87,0.88,0.87,0.91,0.88,0.88,0.88,0.89,0.88,0.87,0.90,0.88,0.87,0.89,0.87,0.90]
Total cost: 340736.0
assigning lease 2 to address 000006e4
Average Cache Occupancy Per Bin: [0.85,0.86,0.87,0.90,0.89,0.89,0.88,0.87,0.88,0.88,0.87,0.87,0.85,0.89,0.86,0.87,0.90,0.87,0.89,0.87,0.89,0.89,0.93,0.89,0.87,0.88,0.84,0.88,0.85,0.87,0.88,0.88,0.87,0.86,0.87,0.88,0.87,0.91,0.88,0.88,0.89,0.89,0.88,0.87,0.90,0.88,0.88,0.89,0.87,0.90]
Total cost: 342272.0
assigning lease 2 to address 00000688
Average Cache Occupancy Per Bin: [0.85,0.87,0.87,0.90,0.89,0.89,0.88,0.87,0.89,0.88,0.87,0.87,0.85,0.89,0.87,0.87,0.90,0.88,0.89,0.88,0.89,0.89,0.93,0.89,0.87,0.88,0.84,0.88,0.85,0.87,0.88,0.88,0.87,0.87,0.87,0.88,0.88,0.91,0.88,0.88,0.89,0.89,0.88,0.87,0.90,0.88,0.88,0.90,0.88,0.90]
Total cost: 343808.0
assigning lease 2 to address 000008f8
Average Cache Occupancy Per Bin: [0.93,0.95,0.95,1.00,1.00,0.99,0.97,0.97,0.98,0.97,0.96,0.96,0.96,0.98,0.96,0.98,0.99,1.00,0.97,0.97,0.99,0.99,1.01,0.97,0.96,0.98,0.93,0.99,0.94,0.98,0.99,0.97,0.98,0.99,0.98,0.97,0.98,1.00,0.97,0.99,0.98,1.00,0.99,0.98,0.97,0.97,0.99,0.99,0.97,1.01]
Total cost: 375552.0
assigning lease 2 to address 00000630
Average Cache Occupancy Per Bin: [0.94,0.96,0.96,1.00,1.00,1.00,0.97,0.97,0.98,0.97,0.96,0.96,0.96,0.98,0.96,0.98,1.00,1.00,0.97,0.97,0.99,0.99,1.02,0.97,0.96,0.98,0.93,0.99,0.95,0.98,0.99,0.97,0.98,0.99,0.98,0.97,0.98,1.01,0.97,0.99,0.98,1.00,0.99,0.98,0.97,0.97,0.99,0.99,0.97,1.01]
Total cost: 377088.0
assigning lease 2 to address 00000654
Average Cache Occupancy Per Bin: [0.94,0.96,0.96,1.00,1.00,1.00,0.98,0.97,0.98,0.97,0.96,0.97,0.96,0.98,0.96,0.98,1.00,1.00,0.97,0.97,0.99,0.99,1.02,0.97,0.96,0.98,0.93,0.99,0.95,0.98,0.99,0.98,0.98,0.99,0.98,0.97,0.98,1.01,0.97,0.99,0.98,1.01,0.99,0.98,0.98,0.97,0.99,0.99,0.97,1.01]
Total cost: 379648.0
assigning lease 2 to address 00000760
Average Cache Occupancy Per Bin: [0.95,0.96,0.97,1.00,1.01,1.00,0.98,0.97,0.98,0.97,0.97,0.97,0.97,0.98,0.96,0.98,1.00,1.00,0.98,0.97,0.99,0.99,1.02,0.97,0.96,0.98,0.93,0.99,0.95,0.98,0.99,0.98,0.98,0.99,0.98,0.97,0.98,1.01,0.97,0.99,0.99,1.01,0.99,0.98,0.98,0.97,0.99,0.99,0.97,1.01]
Total cost: 381184.0
assigning lease 2 to address 00000788
Average Cache Occupancy Per Bin: [0.95,0.97,0.97,1.00,1.02,1.00,0.98,0.97,0.99,0.97,0.97,0.97,0.97,0.98,0.97,0.98,1.00,1.00,0.98,0.97,0.99,0.99,1.02,0.97,0.96,0.98,0.93,0.99,0.95,0.98,0.99,0.98,0.98,1.00,0.98,0.97,0.98,1.01,0.97,0.99,0.99,1.01,0.99,0.98,0.98,0.97,1.00,0.99,0.97,1.01]
Total cost: 382720.0
assigning lease 2 to address 00000714
Average Cache Occupancy Per Bin: [0.96,0.97,0.97,1.01,1.02,1.00,0.98,0.98,0.99,0.97,0.97,0.97,0.97,0.98,0.97,0.99,1.00,1.01,0.98,0.97,0.99,0.99,1.02,0.97,0.97,0.98,0.94,1.00,0.95,0.99,0.99,0.98,0.98,1.00,0.98,0.97,0.98,1.01,0.98,0.99,0.99,1.01,0.99,0.98,0.98,0.97,1.00,0.99,0.97,1.01]
Total cost: 385792.0
assigning lease 2 to address 000007f4
Average Cache Occupancy Per Bin: [0.96,0.97,0.97,1.01,1.02,1.01,0.99,0.98,0.99,0.97,0.97,0.97,0.97,0.98,0.97,0.99,1.00,1.01,0.98,0.98,0.99,0.99,1.03,0.97,0.97,0.98,0.94,1.00,0.95,0.99,0.99,0.98,0.99,1.00,0.98,0.97,0.99,1.01,0.98,0.99,1.00,1.01,0.99,0.98,0.98,0.97,1.00,0.99,0.97,1.01]
Total cost: 388352.0
assigning lease 2 to address 000007b4
Average Cache Occupancy Per Bin: [0.96,0.97,0.97,1.01,1.02,1.01,0.99,0.98,1.00,0.97,0.97,0.97,0.98,0.99,0.97,0.99,1.00,1.01,0.98,0.98,1.00,0.99,1.03,0.97,0.97,0.98,0.94,1.00,0.95,0.99,0.99,0.98,0.99,1.00,0.98,0.97,0.99,1.01,0.98,0.99,1.00,1.01,0.99,0.98,0.98,0.97,1.00,0.99,0.97,1.01]
Total cost: 388352.0
assigning lease 2 to address 0000081c
Average Cache Occupancy Per Bin: [0.96,0.97,0.97,1.01,1.02,1.01,0.99,0.98,1.00,0.97,0.97,0.97,0.98,0.99,0.97,0.99,1.00,1.01,0.98,0.98,1.00,0.99,1.03,0.97,0.97,0.98,0.94,1.00,0.95,0.99,0.99,0.98,0.99,1.00,0.98,0.97,0.99,1.01,0.98,0.99,1.00,1.01,0.99,0.98,0.98,0.97,1.00,0.99,0.97,1.01]
Total cost: 388352.0
assigning lease 8 to address 0000063c
Average Cache Occupancy Per Bin: [0.98,0.98,0.97,1.01,1.02,1.01,0.99,0.98,1.00,0.97,0.97,0.97,0.98,0.99,0.98,0.99,1.01,1.01,0.98,0.98,1.00,1.00,1.03,0.97,0.98,0.99,0.94,1.00,0.96,0.99,1.00,0.98,0.99,1.01,0.98,0.97,0.99,1.01,0.99,0.99,1.00,1.01,1.00,0.98,0.98,0.97,1.00,0.99,0.97,1.02]
Total cost: 393472.0
assigning lease 4 to address 00000664
Average Cache Occupancy Per Bin: [0.99,0.98,0.98,1.02,1.02,1.02,1.00,0.99,1.00,0.97,0.97,0.98,0.99,1.00,0.98,1.00,1.01,1.01,0.98,0.99,1.01,1.00,1.03,0.98,0.98,0.99,0.95,1.00,0.96,0.99,1.00,0.99,0.99,1.01,0.98,0.97,1.00,1.01,0.99,0.99,1.00,1.01,1.00,0.99,0.98,0.97,1.00,1.00,0.97,1.02]
Total cost: 400640.0
assigning lease 6 to address 00000694
Average Cache Occupancy Per Bin: [1.02,1.00,0.99,1.02,1.03,1.03,1.01,1.00,1.00,0.98,0.98,0.98,1.00,1.00,0.98,1.00,1.01,1.02,0.98,0.99,1.01,1.00,1.04,0.99,0.98,0.99,0.96,1.00,0.97,1.00,1.01,0.99,1.00,1.01,0.99,0.97,1.00,1.01,0.99,0.99,1.00,1.02,1.00,0.99,0.98,0.98,1.01,1.00,0.97,1.04]
Total cost: 412928.0
assigning lease 8 to address 00000800
Average Cache Occupancy Per Bin: [1.07,1.01,1.02,1.05,1.03,1.03,1.02,1.00,1.01,0.98,0.98,1.00,1.01,1.02,0.98,1.00,1.01,1.02,0.99,0.99,1.02,1.00,1.05,1.00,0.98,1.00,0.97,1.00,0.97,1.00,1.01,1.00,1.01,1.03,0.99,0.98,1.00,1.03,0.99,0.99,1.00,1.02,1.01,1.00,0.98,0.98,1.02,1.00,0.97,1.05]
Total cost: 429312.0
assigning lease 8 to address 000006c8
Average Cache Occupancy Per Bin: [1.08,1.02,1.03,1.06,1.05,1.03,1.03,1.02,1.01,0.99,0.98,1.00,1.01,1.03,0.99,1.01,1.02,1.02,0.99,1.00,1.02,1.00,1.05,1.00,0.99,1.00,0.98,1.00,0.97,1.00,1.01,1.00,1.01,1.04,0.99,0.99,1.00,1.04,1.00,1.00,1.00,1.03,1.01,1.00,0.99,0.98,1.02,1.01,0.97,1.06]
Total cost: 433408.0
assigning lease 17 to address 00000938
Average Cache Occupancy Per Bin: [1.48,1.41,1.39,1.40,1.38,1.42,1.48,1.39,1.44,1.37,1.41,1.44,1.42,1.43,1.39,1.38,1.37,1.44,1.36,1.42,1.40,1.34,1.31,1.38,1.44,1.38,1.42,1.36,1.46,1.36,1.49,1.37,1.45,1.46,1.39,1.32,1.44,1.35,1.43,1.45,1.39,1.29,1.45,1.40,1.44,1.38,1.39,1.36,1.39,1.41]
Total cost: 596736.0
assigning lease 3 to address 000007a8
Average Cache Occupancy Per Bin: [1.49,1.41,1.39,1.41,1.38,1.42,1.49,1.39,1.44,1.37,1.41,1.44,1.42,1.43,1.39,1.38,1.38,1.44,1.36,1.42,1.41,1.35,1.31,1.39,1.44,1.38,1.42,1.36,1.46,1.37,1.49,1.37,1.45,1.46,1.39,1.33,1.44,1.35,1.43,1.45,1.40,1.29,1.45,1.40,1.44,1.38,1.39,1.36,1.39,1.41]
Total cost: 600576.0
assigning lease 9 to address 00000720
Average Cache Occupancy Per Bin: [1.51,1.43,1.42,1.44,1.39,1.42,1.50,1.40,1.45,1.38,1.42,1.45,1.43,1.45,1.40,1.38,1.38,1.45,1.37,1.43,1.41,1.35,1.31,1.40,1.44,1.39,1.42,1.38,1.47,1.38,1.50,1.37,1.47,1.47,1.39,1.34,1.44,1.36,1.43,1.46,1.40,1.29,1.45,1.42,1.44,1.38,1.39,1.37,1.40,1.41]
Total cost: 607488.0
assigning lease 12 to address 000008b8
Average Cache Occupancy Per Bin: [1.83,1.93,1.90,1.87,1.78,1.92,1.92,1.93,1.95,1.95,1.99,2.00,1.90,1.81,1.91,1.86,1.91,1.98,1.95,1.95,1.93,1.96,1.79,1.96,2.00,1.91,2.05,1.92,2.11,1.86,1.93,2.02,2.04,2.04,2.04,1.94,1.95,1.97,1.93,1.94,1.93,1.89,1.99,1.84,1.91,1.96,1.90,1.87,1.93,1.77]
Total cost: 734464.0
assigning lease 13 to address 00000884
Average Cache Occupancy Per Bin: [1.83,1.94,1.90,1.87,1.78,1.92,1.92,1.93,1.95,1.95,1.99,2.00,1.90,1.81,1.91,1.86,1.91,1.98,1.95,1.95,1.93,1.96,1.79,1.96,2.00,1.91,2.05,1.92,2.11,1.86,1.93,2.02,2.04,2.04,2.04,1.94,1.95,1.97,1.93,1.94,1.93,1.89,1.99,1.84,1.91,1.96,1.90,1.87,1.93,1.77]
Total cost: 737792.0
assigning lease 14 to address 0000076c
Average Cache Occupancy Per Bin: [1.88,1.97,1.93,1.90,1.80,1.92,1.92,1.93,1.97,1.97,2.00,2.01,1.91,1.81,1.92,1.87,1.92,1.99,1.95,1.97,1.94,1.96,1.79,1.98,2.00,1.96,2.05,1.95,2.12,1.87,1.93,2.02,2.04,2.06,2.05,1.94,1.95,1.97,1.93,1.94,1.93,1.92,1.99,1.84,1.92,1.97,1.90,1.89,1.96,1.78]
Total cost: 755712.0
assigning lease 17 to address 000006f0
Average Cache Occupancy Per Bin: [1.93,2.00,1.98,1.90,1.81,1.94,1.93,1.94,1.98,1.98,2.00,2.02,1.92,1.83,1.92,1.88,1.93,2.06,1.96,1.97,1.94,1.96,1.82,2.00,2.05,1.97,2.07,1.96,2.13,1.87,1.93,2.05,2.04,2.07,2.05,1.96,1.95,1.99,1.94,1.95,1.93,1.93,1.99,1.85,1.93,2.00,1.90,1.89,1.96,1.78]
Total cost: 777472.0
assigning lease 20 to address 000008dc
Average Cache Occupancy Per Bin: [2.61,2.75,2.63,2.63,2.52,2.66,2.72,2.99,2.71,2.88,2.94,2.92,2.97,2.63,2.86,2.70,2.90,2.76,2.91,2.84,2.84,2.62,2.80,2.95,3.05,2.77,3.14,2.86,3.08,2.81,2.91,3.14,2.79,2.82,2.96,2.93,2.78,2.73,2.82,3.00,2.86,2.95,2.82,2.72,2.84,3.04,3.03,2.75,2.82,2.83]
Total cost: 1046784.0
assigning lease 1578 to address 000006f0
Average Cache Occupancy Per Bin: [3.01,2.75,3.03,2.63,2.52,2.66,2.72,2.99,2.71,2.88,2.94,2.92,2.97,2.63,2.86,2.70,2.90,2.76,3.91,2.84,2.84,2.62,2.80,2.95,3.05,3.77,3.14,2.86,3.08,2.81,2.91,3.35,2.79,2.82,2.96,2.93,2.78,2.73,2.82,3.00,2.86,2.95,2.82,2.72,2.84,3.04,3.03,2.75,2.82,2.83]
Total cost: 1210880.0
assigning lease 1553 to address 00000664
Average Cache Occupancy Per Bin: [3.01,2.75,3.03,2.63,2.52,2.66,3.05,2.99,2.71,2.88,2.94,2.92,2.97,2.63,2.86,2.70,2.90,2.76,3.91,2.84,2.84,2.62,3.61,2.95,3.05,3.77,3.14,2.86,3.98,2.81,2.91,3.35,2.79,3.28,2.96,2.93,2.78,2.73,2.82,3.00,2.86,2.95,2.94,2.72,2.84,3.04,4.02,2.75,2.82,3.46]
Total cost: 1210880.0
assigning lease 2478 to address 00000798
Average Cache Occupancy Per Bin: [3.32,2.75,4.46,3.44,4.45,3.64,3.61,3.21,2.71,6.01,3.46,2.92,4.26,5.24,5.76,3.99,5.42,4.26,5.32,4.38,3.72,2.62,5.18,7.18,4.20,3.77,3.14,4.36,5.32,5.98,2.91,3.45,4.11,3.28,5.37,3.51,3.38,2.84,3.88,6.82,2.86,2.95,4.28,3.96,3.46,4.28,4.68,4.21,2.82,3.46]
Total cost: 1334272.0
assigning lease 3498 to address 000007bc
Average Cache Occupancy Per Bin: [4.54,3.25,4.46,4.01,5.50,6.01,3.61,5.30,3.21,6.01,7.05,3.27,6.15,5.24,7.46,3.99,6.65,5.70,7.06,5.39,5.34,5.01,6.70,8.05,5.39,4.12,6.07,4.36,5.32,6.95,2.91,4.57,5.30,4.45,5.37,3.51,3.38,4.22,5.20,6.82,2.86,2.95,4.71,5.18,5.16,6.51,6.29,4.21,4.70,5.44]
Total cost: 1823232.0
assigning lease 3158 to address 000007a8
Average Cache Occupancy Per Bin: [4.54,3.25,5.17,5.37,5.50,6.01,5.42,5.30,3.21,6.01,7.05,3.27,6.15,5.40,7.46,3.99,7.80,5.96,8.39,6.94,7.05,6.41,7.41,8.66,5.39,4.12,6.07,5.72,5.32,9.82,4.43,4.57,5.30,7.03,5.37,9.13,4.23,4.22,5.20,8.95,4.88,3.85,4.71,6.82,5.16,6.51,6.29,4.21,4.70,5.44]
Total cost: 1823232.0
assigning lease 3158 to address 000008dc
Average Cache Occupancy Per Bin: [5.23,3.92,6.59,7.35,6.33,7.45,8.24,7.17,6.48,10.6,10.6,5.49,11.2,7.55,12.7,8.35,11.5,10.4,12.6,10.3,10.6,14.7,11.5,11.7,19.5,8.09,13.5,12.3,15.1,13.6,10.9,11.0,10.6,9.97,10.1,15.4,13.6,4.22,14.8,18.3,12.7,4.27,10.5,13.0,12.4,13.8,12.1,11.3,12.8,8.48]
Total cost: 2097664.0
addr: 00000904 ri: 3498
bin target: 51332608
	bin: 24.0 current capacity: 19.58256116657856  avg impact: 117.56175505440908
	bin: 29.0 current capacity: 13.621679849190595  avg impact: 120.30536909404643
	bin: 35.0 current capacity: 15.42692426615067  avg impact: 129.94568068702063
	bin: 40.0 current capacity: 12.789914122422925  avg impact: 118.16946109576197
	bin: 41.0 current capacity: 4.279476156754007  avg impact: 123.99373622318195
	bin: 42.0 current capacity: 10.562084201917035  avg impact: 125.2436190267208
	bin: 43.0 current capacity: 13.090575409688906  avg impact: 126.496055216988
	bin: 46.0 current capacity: 12.15986594719676  avg impact: 125.30617700156594
	bin: 47.0 current capacity: 11.377891261632373  avg impact: 117.376634516602
	bin: 48.0 current capacity: 12.802681056064792  avg impact: 138.1701393391117
	bin: 49.0 current capacity: 8.488734178477742  avg impact: 132.65354731246072
num_full_bins: 0
printing bin ranks sorted:
	bin: 48.0 rank: 0.8337352737352738
	selecting this^ bin
	bin: 35.0 rank: 0.8663087156008371
	bin: 49.0 rank: 0.9009277794887589
	bin: 43.0 rank: 0.9084032256436653
	bin: 24.0 rank: 0.9222169130024
	bin: 46.0 rank: 0.9244566933947366
	bin: 42.0 rank: 0.9376758409785932
	bin: 29.0 rank: 0.9507332965446982
	bin: 40.0 rank: 0.9749565142233603
	bin: 47.0 rank: 0.9935717548782875
	bin: 41.0 rank: 0.9977965630502157
acceptable_ratio: 0.8337352737352738
Assigning 00000904 dual lease lease 3498 * 0.8337352737352738. Bin saturation: [31.7,41.8,52.4,52.7,63.4,53.9,52.6,68.2,80.2,77.9,81.5,75.7,69.8,75.5,90.7,93.3,75.2,78.6,101.,86.2,86.3,104.,98.2,76.1,117.,89.1,100.,96.5,104.,113.,97.1,75.8,85.8,88.7,96.3,123.,94.4,101.,103.,98.2,111.,107.,114.,118.,101.,108.,116.,109.,128.,119.]
addr: 00000904 ri: 3578
bin target: 51332608
	bin: 4.0 current capacity: 63.40044304903799  avg impact: 68.7039767003461
	bin: 7.0 current capacity: 68.21889766710042  avg impact: 73.42008198765198
	bin: 8.0 current capacity: 80.23679271103643  avg impact: 88.8131738796517
	bin: 9.0 current capacity: 77.94030947634954  avg impact: 81.16195054808047
	bin: 10.0 current capacity: 81.52678868922837  avg impact: 85.43248985128517
	bin: 11.0 current capacity: 75.75540687056422  avg impact: 84.57838199064423
	bin: 12.0 current capacity: 69.8523197188167  avg impact: 70.60880319971274
	bin: 13.0 current capacity: 75.54003701667014  avg impact: 81.84625819128458
	bin: 14.0 current capacity: 90.74453454395804  avg impact: 93.9518646705034
	bin: 15.0 current capacity: 93.30936354149752  avg impact: 102.35378370021644
	bin: 16.0 current capacity: 75.21348483035315  avg impact: 76.82502318993807
	bin: 17.0 current capacity: 78.62994729223038  avg impact: 82.19607217307174
	bin: 18.0 current capacity: 101.05758157667553  avg impact: 106.35111062348517
	bin: 19.0 current capacity: 86.20274473949615  avg impact: 91.3193229535503
	bin: 20.0 current capacity: 86.32203397745923  avg impact: 91.16739644321208
	bin: 21.0 current capacity: 104.81016243604739  avg impact: 108.30189808396254
	bin: 22.0 current capacity: 98.25761853874003  avg impact: 104.37989606918082
	bin: 23.0 current capacity: 76.14324858422646  avg impact: 77.44421947156864
	bin: 24.0 current capacity: 117.59794319766553  avg impact: 118.07243240008378
	bin: 25.0 current capacity: 89.13779871021097  avg impact: 97.41042699408531
	bin: 26.0 current capacity: 100.67947985666535  avg impact: 104.79354471917733
	bin: 27.0 current capacity: 96.56307626532106  avg impact: 101.2392303932814
	bin: 28.0 current capacity: 104.91043041156807  avg impact: 107.99293828982934
	bin: 29.0 current capacity: 113.92450968263853  avg impact: 120.66284323601872
	bin: 30.0 current capacity: 97.18092592299597  avg impact: 103.91645637798104
	bin: 31.0 current capacity: 75.8853751751778  avg impact: 77.9689404442494
	bin: 32.0 current capacity: 85.87687542045036  avg impact: 90.38861349105817
	bin: 33.0 current capacity: 88.75050594815285  avg impact: 94.742137862935
	bin: 34.0 current capacity: 96.31185454371723  avg impact: 103.64324399804507
	bin: 35.0 current capacity: 123.76722192446027  avg impact: 130.40529029812785
	bin: 36.0 current capacity: 94.43341656184631  avg impact: 97.14615146769866
	bin: 37.0 current capacity: 101.99918975370078  avg impact: 117.4826000658295
	bin: 38.0 current capacity: 103.87340594153588  avg impact: 107.12351010881817
	bin: 39.0 current capacity: 98.21577560825709  avg impact: 95.94350631863473
	bin: 40.0 current capacity: 111.31196211624781  avg impact: 118.62907070686921
	bin: 41.0 current capacity: 107.65742776824794  avg impact: 124.30014263058678
	bin: 42.0 current capacity: 114.98210719475644  avg impact: 125.85643184153044
	bin: 43.0 current capacity: 118.5547986324567  avg impact: 126.75139388982535
	bin: 44.0 current capacity: 101.12686922077641  avg impact: 106.52984769447131
	bin: 45.0 current capacity: 108.78215277345052  avg impact: 113.93339251339032
	bin: 46.0 current capacity: 116.63204573031801  avg impact: 125.45938020526836
	bin: 47.0 current capacity: 109.23893177045673  avg impact: 117.60643932215562
	bin: 48.0 current capacity: 128.0  avg impact: 138.47654574651654
	bin: 49.0 current capacity: 119.08667575898727  avg impact: 133.22805932634478
num_full_bins: 1
printing bin ranks sorted:
	bin: 48.0 rank: 0.0
	bin: 35.0 rank: 0.03245863772752545
	bin: 49.0 rank: 0.06690275521599666
	bin: 43.0 rank: 0.0745175345034331
	bin: 24.0 rank: 0.08809894562930251
	bin: 46.0 rank: 0.09061063629584726
	bin: 42.0 rank: 0.10343446588120955
	bin: 29.0 rank: 0.11665140601593112
	bin: 40.0 rank: 0.14067410108090703
	bin: 47.0 rank: 0.15952415818109816
	bin: 41.0 rank: 0.16365686958388345
	bin: 45.0 rank: 0.16867616071636632
	bin: 28.0 rank: 0.21380629098603268
	bin: 21.0 rank: 0.21412217121046545
	bin: 37.0 rank: 0.22131626497651635
	bin: 38.0 rank: 0.22522221344274332
	bin: 44.0 rank: 0.25225916830648254
	bin: 18.0 rank: 0.25333462213393065
	bin: 26.0 rank: 0.2607080447230541
	bin: 22.0 rank: 0.284943581870855
	bin: 30.0 rank: 0.2965754910358387
	bin: 34.0 rank: 0.30574250895582233
	bin: 39.0 rank: 0.31043502092603886
	bin: 27.0 rank: 0.3105211646963014
	bin: 15.0 rank: 0.3389287157190763
	bin: 36.0 rank: 0.3455266413648373
	bin: 14.0 rank: 0.39653779716559984
	bin: 25.0 rank: 0.39895319719878347
	bin: 33.0 rank: 0.4142770570432982
	bin: 20.0 rank: 0.4571586734793054
	bin: 19.0 rank: 0.4577043927687033
	bin: 32.0 rank: 0.46602246624478577
	bin: 8.0 rank: 0.537794171771028
	bin: 10.0 rank: 0.5439758503078735
	bin: 17.0 rank: 0.6006376144570049
	bin: 9.0 rank: 0.6167876718782778
	bin: 11.0 rank: 0.6177062258676798
	bin: 13.0 rank: 0.6409573771927923
	bin: 31.0 rank: 0.668402373148652
	bin: 23.0 rank: 0.6696013178209024
	bin: 16.0 rank: 0.6871005432584161
	bin: 7.0 rank: 0.8142336635221104
	bin: 12.0 rank: 0.8235188481628288
	bin: 4.0 rank: 0.9402593569323416
acceptable_ratio: 0
addr: 000008dc ri: 119806
bin target: 51332608
	bin: 19.0 current capacity: 86.20274473949615  avg impact: 74.46186377282838
	bin: 48.0 current capacity: 128.0  avg impact: 0.0
num_full_bins: 1
printing bin ranks sorted:
	bin: 19.0 rank: 0.5613243228509671
acceptable_ratio: 0
addr: 00000904 ri: 318115
bin target: 51332608
	bin: 1.0 current capacity: 41.801027849581295  avg impact: 130.61147627644402
	bin: 2.0 current capacity: 52.465061528617326  avg impact: 252.33908177819447
	bin: 3.0 current capacity: 52.76337228449418  avg impact: 186.87024606269762
	bin: 4.0 current capacity: 63.40044304903799  avg impact: 223.53049601532032
	bin: 5.0 current capacity: 53.94270359712903  avg impact: 213.90869647612683
	bin: 6.0 current capacity: 52.69183553667381  avg impact: 308.6559411125186
	bin: 7.0 current capacity: 68.21889766710042  avg impact: 255.93105855833392
	bin: 8.0 current capacity: 80.23679271103643  avg impact: 440.2721750665776
	bin: 9.0 current capacity: 77.94030947634954  avg impact: 590.5313238711736
	bin: 10.0 current capacity: 81.52678868922837  avg impact: 622.4084421348707
	bin: 11.0 current capacity: 75.75540687056422  avg impact: 458.0328948024616
	bin: 12.0 current capacity: 69.8523197188167  avg impact: 494.1748072492245
	bin: 13.0 current capacity: 75.54003701667014  avg impact: 528.3008208739365
	bin: 14.0 current capacity: 90.74453454395804  avg impact: 683.9374021284872
	bin: 15.0 current capacity: 93.30936354149752  avg impact: 855.9099133244896
	bin: 16.0 current capacity: 75.21348483035315  avg impact: 750.2233215970637
	bin: 17.0 current capacity: 78.62994729223038  avg impact: 782.0283066856841
	bin: 18.0 current capacity: 101.05758157667553  avg impact: 636.7329416810461
	bin: 19.0 current capacity: 86.20274473949615  avg impact: 667.7604205108769
	bin: 20.0 current capacity: 86.32203397745923  avg impact: 778.438883292273
	bin: 21.0 current capacity: 104.81016243604739  avg impact: 613.4313727445915
	bin: 22.0 current capacity: 98.25761853874003  avg impact: 844.8460886304472
	bin: 23.0 current capacity: 76.14324858422646  avg impact: 515.3462133075335
	bin: 24.0 current capacity: 117.59794319766553  avg impact: 1258.007680108519
	bin: 25.0 current capacity: 89.13779871021097  avg impact: 550.0378020925803
	bin: 26.0 current capacity: 100.67947985666535  avg impact: 836.9478251329058
	bin: 27.0 current capacity: 96.56307626532106  avg impact: 693.8949720224618
	bin: 28.0 current capacity: 104.91043041156807  avg impact: 996.5913085109567
	bin: 29.0 current capacity: 113.92450968263853  avg impact: 1068.5534066767073
	bin: 30.0 current capacity: 97.18092592299597  avg impact: 1268.2231420620592
	bin: 31.0 current capacity: 75.8853751751778  avg impact: 464.43998045063285
	bin: 32.0 current capacity: 85.87687542045036  avg impact: 497.9212639264305
	bin: 33.0 current capacity: 88.75050594815285  avg impact: 783.8367428360547
	bin: 34.0 current capacity: 96.31185454371723  avg impact: 1120.2428909125365
	bin: 35.0 current capacity: 123.76722192446027  avg impact: 1434.9031209168254
	bin: 36.0 current capacity: 94.43341656184631  avg impact: 702.4124318016337
	bin: 37.0 current capacity: 101.99918975370078  avg impact: 745.1727226483408
	bin: 38.0 current capacity: 103.87340594153588  avg impact: 1225.8190486639603
	bin: 39.0 current capacity: 98.21577560825709  avg impact: 732.4325995671212
	bin: 40.0 current capacity: 111.31196211624781  avg impact: 1616.03654534755
	bin: 41.0 current capacity: 107.65742776824794  avg impact: 1076.903619625171
	bin: 42.0 current capacity: 114.98210719475644  avg impact: 2170.6927856850757
	bin: 43.0 current capacity: 118.5547986324567  avg impact: 965.2421029533508
	bin: 44.0 current capacity: 101.12686922077641  avg impact: 611.540589872231
	bin: 45.0 current capacity: 108.78215277345052  avg impact: 479.47368316061403
	bin: 46.0 current capacity: 116.63204573031801  avg impact: 653.699558144406
	bin: 47.0 current capacity: 109.23893177045673  avg impact: 807.1217147587748
	bin: 48.0 current capacity: 128.0  avg impact: 1086.312211372545
	bin: 49.0 current capacity: 119.08667575898727  avg impact: 1627.687010642436
num_full_bins: 1
printing bin ranks sorted:
	bin: 48.0 rank: 0.0
	bin: 35.0 rank: 0.002949870283113751
	bin: 49.0 rank: 0.005476067685454282
	bin: 42.0 rank: 0.005997114327320657
	bin: 24.0 rank: 0.00826867511765681
	bin: 43.0 rank: 0.009785318459113856
	bin: 40.0 rank: 0.010326522585021865
	bin: 29.0 rank: 0.013172472456138106
	bin: 46.0 rank: 0.017390181969758563
	bin: 41.0 rank: 0.018889872650657936
	bin: 38.0 rank: 0.019682019205656882
	bin: 28.0 rank: 0.023168544007202804
	bin: 47.0 rank: 0.02324441021283935
	bin: 30.0 rank: 0.02430098699105424
	bin: 34.0 rank: 0.02828685253290917
	bin: 26.0 rank: 0.032643038577698916
	bin: 37.0 rank: 0.03489232691434604
	bin: 22.0 rank: 0.035204496844477774
	bin: 21.0 rank: 0.037803475000304454
	bin: 45.0 rank: 0.040081130417562214
	bin: 15.0 rank: 0.0405307099712849
	bin: 39.0 rank: 0.04066479893077649
	bin: 18.0 rank: 0.042313529989815635
	bin: 44.0 rank: 0.04394333135734815
	bin: 27.0 rank: 0.04530501733288436
	bin: 36.0 rank: 0.047787570262755714
	bin: 33.0 rank: 0.05007355729438735
	bin: 20.0 rank: 0.05354044731973178
	bin: 14.0 rank: 0.054472039897363295
	bin: 19.0 rank: 0.06259319057653408
	bin: 17.0 rank: 0.06313077453296409
	bin: 16.0 rank: 0.07036106936435374
	bin: 25.0 rank: 0.07065369169526259
	bin: 10.0 rank: 0.07466674319417614
	bin: 32.0 rank: 0.08459796283328334
	bin: 9.0 rank: 0.08477059302373459
	bin: 13.0 rank: 0.09929941599664463
	bin: 23.0 rank: 0.10062507509845224
	bin: 8.0 rank: 0.10848563682622203
	bin: 31.0 rank: 0.1122096008493
	bin: 11.0 rank: 0.11406297172601021
	bin: 12.0 rank: 0.11766621735506237
	bin: 7.0 rank: 0.2335828354309478
	bin: 6.0 rank: 0.2439874126248329
	bin: 4.0 rank: 0.2889966161330152
	bin: 2.0 rank: 0.29933903991050315
	bin: 5.0 rank: 0.3462098438393134
	bin: 3.0 rank: 0.4026142700655666
	bin: 1.0 rank: 0.6599647642598832
acceptable_ratio: 0
Final saturation:
	0.0,12721879.224504504
	1.0,16763717.004684685
	2.0,21040378.415190578
	3.0,21160011.767484408
	4.0,25425860.078614
	5.0,21632966.07977824
	6.0,21131322.956285518
	7.0,27358233.844823286
	8.0,32177842.401663203
	9.0,31256869.951157313
	10.0,32695177.22877339
	11.0,30380645.34974359
	12.0,28013294.890755374
	13.0,30294274.285017326
	14.0,36391825.15537076
	15.0,37420413.917228
	16.0,30163315.102425504
	17.0,31533439.542286903
	18.0,40527728.285183646
	19.0,34570403.93934858
	20.0,34618243.21818434
	21.0,42032648.3027027
	22.0,39404842.30830215
	23.0,30536183.83922384
	24.0,47161008.74821899
	25.0,35747466.24354817
	26.0,40376095.883797646
	27.0,38725269.853139296
	28.0,42072859.370533615
	29.0,45687829.66508663
	30.0,38973049.80845461
	31.0,30432767.3187526
	32.0,34439718.61111573
	33.0,35592147.90342343
	34.0,38624520.89879418
	35.0,49635111.61169785
	36.0,37871199.6442966
	37.0,40905347.06206515
	38.0,41656975.225169785
	39.0,39388061.78683299
	40.0,44640104.03925156
	41.0,43174504.202467084
	42.0,46111964.340956345
	43.0,47544742.224365905
	44.0,40555515.12482329
	45.0,43625559.419653505
	46.0,46773649.091503814
	47.0,43808744.24149688
	48.0,51332608.0
	49.0,47758044.09968122
Dump single leases (last one may be dual)
00000904 daa percentage 0.8337352737352738
00000904 0 percentage 0.16626472626472621
00000978 1
0000072c 1
00000944 1
00000640 1
000007a0 2
00000960 1
0000094c 1
000008b8 c
000008d0 2
00000758 1
000008c8 1
0000092c 2
000006a0 1
00000664 611
00000698 1
000008a4 1
000006a8 1
00000744 1
000008e0 1
000008bc 1
00000938 11
0000063c 8
000008dc c56
0000090c 1
00000898 1
0000060c 1
000008ac 2
00000668 1
00000954 1
000006bc 2
00000614 1
00000674 1
00000628 1
000006e4 2
00000770 1
00000688 2
00000798 9ae
0000093c 1
00000890 1
00000918 1
00000724 1
00000964 1
00000888 1
00000948 1
000008f8 2
0000079c 1
0000076c e
000007b0 1
000008f0 1
000007d4 1
00000630 2
000006cc 1
00000654 2
00000694 6
00000800 8
0000061c 1
00000780 1
0000074c 1
000006b4 1
0000095c 1
000006f4 1
00000760 2
00000788 2
00000700 1
000007a8 c56
000007bc daa
000006f0 62a
0000073c 1
00000734 1
00000714 2
00000720 9
00000884 d
0000064c 1
000007f4 2
000006dc 1
000006c8 8
000007e0 1
000007b4 2
00000864 1
0000081c 2
0000096c 1
Dump dual leases

