sample rate: 0.015625
len(carl_order):
72
Printing carl assignment order:
00000800,1,1.0
00000900,1,1.0
000008f8,1,1.0
000008a8,1,1.0
000008b4,1,1.0
00000850,1,1.0
00000918,1,1.0
00000910,1,1.0
00000928,1,1.0
00000824,1,1.0
00000968,1,1.0
00000a60,1,1.0
000009d8,1,1.0
00000a84,1,1.0
000009c0,1,1.0
00000a14,1,1.0
00000950,1,1.0
00000a7c,1,1.0
00000a2c,1,1.0
00000a48,1,1.0
00000980,1,1.0
000009b8,1,1.0
00000a9c,1,1.0
00000a94,1,1.0
0000087c,2,0.5
00000904,2,0.5
0000086c,2,0.5
000008bc,2,0.5
00000858,2,0.5
000008d0,2,0.5
000008e8,2,0.5
0000082c,2,0.5
0000091c,2,0.5
00000840,2,0.5
00000934,2,0.5
00000a04,2,0.5
00000a88,2,0.5
000009e0,2,0.5
000009f0,2,0.5
00000a34,2,0.5
00000aa0,2,0.5
00000a6c,2,0.5
00000970,2,0.5
000009a8,2,0.5
00000998,2,0.5
00000908,4,0.4932795698924731
00000920,4,0.46153846153846156
00000888,3,0.3333333333333333
00000890,3,0.3333333333333333
00000864,4,0.25
00000838,5,0.2
0000097c,5,0.2
000009a0,5,0.2
00000a8c,6,0.16742414115759924
000008dc,6,0.16666666666666666
000008a0,6,0.16666666666666666
0000084c,7,0.14285714285714285
00000aa4,7,0.14285714285714285
000009b4,7,0.14285714285714285
000008f4,12,0.12444625786896713
00000a78,12,0.12381719347694786
000009ec,12,0.08333333333333333
00000878,13,0.07692307692307693
000009fc,14,0.07142857142857142
00000a10,20,0.04556581059390048
0000089c,21,0.04405751220155652
00000a10,996,0.00128993497314108
00000a40,1016,0.0009265210285957897
0000089c,1460,0.0008063363749566211
000008c8,1509,0.0006314056882876144
000008c8,57766,1.9525334709013056e-05
00000a40,66047,1.5377281604158017e-05
TRACE LENGTH: 6153280.0
assigning lease 1 to address 00000800
Average Cache Occupancy Per Bin: [0.0,0.0,0.0,0.0,0.0,0.0,0.0,0.0,0.0,0.0,0.0,0.0,0.0,0.0,0.0,0.0,0.0,0.0,0.0,0.0,0.0,0.0,0.0,0.0,0.0,0.0,0.0,0.0,0.0,0.0,0.0,0.0,0.0,0.0,0.0,0.0,0.0,0.0,0.0,0.0,0.0,0.0,0.0,0.0,0.0,0.0,0.0,0.0,0.0,0.0,0.0,0.0,0.0,0.0,0.0,0.0,0.0,0.0,0.0,0.0,0.0,1.04,0.0,0.0]
Total cost: 0
assigning lease 1 to address 00000900
Average Cache Occupancy Per Bin: [0.0,0.0,0.0,0.0,0.0,0.0,0.0,0.0,0.0,0.0,0.0,0.0,0.0,0.0,0.0,0.0,0.0,0.0,0.0,0.0,0.0,0.0,0.0,0.0,0.0,0.0,0.0,0.0,0.0,0.0,0.0,0.0,0.0,0.0,0.0,0.0,0.0,0.0,0.0,0.0,0.0,0.0,0.0,0.0,0.0,0.0,0.0,0.0,0.0,0.0,0.0,0.0,0.0,0.0,0.0,0.0,0.0,0.0,0.0,0.0,0.0,1.04,0.02,0.0]
Total cost: 0
assigning lease 1 to address 000008f8
Average Cache Occupancy Per Bin: [0.0,0.0,0.0,0.0,0.0,0.0,0.0,0.0,0.0,0.0,0.0,0.0,0.0,0.0,0.0,0.0,0.0,0.0,0.0,0.0,0.0,0.0,0.0,0.0,0.0,0.0,0.0,0.0,0.0,0.0,0.0,0.0,0.0,0.0,0.0,0.0,0.0,0.0,0.0,0.0,0.0,0.0,0.0,0.0,0.0,0.0,0.0,0.0,0.0,0.0,0.0,0.0,0.0,0.0,0.0,0.0,0.0,0.0,0.0,0.0,0.0,1.04,0.04,0.0]
Total cost: 0
assigning lease 1 to address 000008a8
Average Cache Occupancy Per Bin: [0.0,0.0,0.0,0.0,0.0,0.0,0.0,0.0,0.0,0.0,0.0,0.0,0.0,0.0,0.0,0.0,0.0,0.0,0.0,0.0,0.0,0.0,0.0,0.0,0.0,0.0,0.0,0.0,0.0,0.0,0.0,0.0,0.0,0.0,0.0,0.0,0.0,0.0,0.0,0.0,0.0,0.0,0.0,0.0,0.0,0.0,0.0,0.0,0.0,0.0,0.0,0.0,0.0,0.0,0.0,0.0,0.0,0.0,0.0,0.0,0.0,1.04,0.06,0.0]
Total cost: 0
assigning lease 1 to address 000008b4
Average Cache Occupancy Per Bin: [0.0,0.0,0.0,0.0,0.0,0.0,0.0,0.0,0.0,0.0,0.0,0.0,0.0,0.0,0.0,0.0,0.0,0.0,0.0,0.0,0.0,0.0,0.0,0.0,0.0,0.0,0.0,0.0,0.0,0.0,0.0,0.0,0.0,0.0,0.0,0.0,0.0,0.0,0.0,0.0,0.0,0.0,0.0,0.0,0.0,0.0,0.0,0.0,0.0,0.0,0.0,0.0,0.0,0.0,0.0,0.0,0.0,0.0,0.0,0.0,0.0,1.04,0.09,0.0]
Total cost: 0
assigning lease 1 to address 00000850
Average Cache Occupancy Per Bin: [0.0,0.0,0.0,0.0,0.0,0.0,0.0,0.0,0.0,0.0,0.0,0.0,0.0,0.0,0.0,0.0,0.0,0.0,0.0,0.0,0.0,0.0,0.0,0.0,0.0,0.0,0.0,0.0,0.0,0.0,0.0,0.0,0.0,0.0,0.0,0.0,0.0,0.0,0.0,0.0,0.0,0.0,0.0,0.0,0.0,0.0,0.0,0.0,0.0,0.0,0.0,0.0,0.0,0.0,0.0,0.0,0.0,0.0,0.0,0.0,0.0,1.04,0.09,0.0]
Total cost: 0
assigning lease 1 to address 00000918
Average Cache Occupancy Per Bin: [0.0,0.0,0.0,0.0,0.0,0.0,0.0,0.0,0.0,0.0,0.0,0.0,0.0,0.0,0.0,0.0,0.0,0.0,0.0,0.0,0.0,0.0,0.0,0.0,0.0,0.0,0.0,0.0,0.0,0.0,0.0,0.0,0.0,0.0,0.0,0.0,0.0,0.0,0.0,0.0,0.0,0.0,0.0,0.0,0.0,0.0,0.0,0.0,0.0,0.0,0.0,0.0,0.0,0.0,0.0,0.0,0.0,0.0,0.0,0.0,0.0,1.04,0.09,0.0]
Total cost: 0
assigning lease 1 to address 00000910
Average Cache Occupancy Per Bin: [0.0,0.0,0.0,0.0,0.0,0.0,0.0,0.0,0.0,0.0,0.0,0.0,0.0,0.0,0.0,0.0,0.0,0.0,0.0,0.0,0.0,0.0,0.0,0.0,0.0,0.0,0.0,0.0,0.0,0.0,0.0,0.0,0.0,0.0,0.0,0.0,0.0,0.0,0.0,0.0,0.0,0.0,0.0,0.0,0.0,0.0,0.0,0.0,0.0,0.0,0.0,0.0,0.0,0.0,0.0,0.0,0.0,0.0,0.0,0.0,0.0,1.04,0.09,0.0]
Total cost: 0
assigning lease 1 to address 00000928
Average Cache Occupancy Per Bin: [0.0,0.0,0.0,0.0,0.0,0.0,0.0,0.0,0.0,0.0,0.0,0.0,0.0,0.0,0.0,0.0,0.0,0.0,0.0,0.0,0.0,0.0,0.0,0.0,0.0,0.0,0.0,0.0,0.0,0.0,0.0,0.0,0.0,0.0,0.0,0.0,0.0,0.0,0.0,0.0,0.0,0.0,0.0,0.0,0.0,0.0,0.0,0.0,0.0,0.0,0.0,0.0,0.0,0.0,0.0,0.0,0.0,0.0,0.0,0.0,0.0,1.04,0.09,0.0]
Total cost: 0
assigning lease 1 to address 00000824
Average Cache Occupancy Per Bin: [0.0,0.0,0.0,0.0,0.0,0.0,0.0,0.0,0.0,0.0,0.0,0.0,0.0,0.0,0.0,0.0,0.0,0.0,0.0,0.0,0.0,0.0,0.0,0.0,0.0,0.0,0.0,0.0,0.0,0.0,0.0,0.0,0.0,0.0,0.0,0.0,0.0,0.0,0.0,0.0,0.0,0.0,0.0,0.0,0.0,0.0,0.0,0.0,0.0,0.0,0.0,0.0,0.0,0.0,0.0,0.0,0.0,0.0,0.0,0.0,0.0,1.04,0.09,0.0]
Total cost: 0
assigning lease 1 to address 00000968
Average Cache Occupancy Per Bin: [0.0,0.0,0.0,0.0,0.0,0.0,0.0,0.0,0.0,0.0,0.0,0.0,0.0,0.0,0.0,0.0,0.0,0.0,0.0,0.0,0.0,0.0,0.0,0.0,0.0,0.0,0.0,0.0,0.0,0.0,0.0,0.0,0.0,0.0,0.0,0.0,0.0,0.0,0.0,0.0,0.0,0.0,0.0,0.0,0.0,0.0,0.0,0.0,0.0,0.0,0.0,0.0,0.0,0.0,0.0,0.0,0.0,0.0,0.0,0.0,0.0,1.04,0.09,0.0]
Total cost: 0
assigning lease 1 to address 00000a60
Average Cache Occupancy Per Bin: [0.0,0.0,0.0,0.0,0.0,0.0,0.0,0.0,0.0,0.0,0.0,0.0,0.0,0.0,0.0,0.0,0.0,0.0,0.0,0.0,0.0,0.0,0.0,0.0,0.0,0.0,0.0,0.0,0.0,0.0,0.0,0.0,0.0,0.0,0.0,0.0,0.0,0.0,0.0,0.0,0.0,0.0,0.0,0.0,0.0,0.0,0.0,0.0,0.0,0.0,0.0,0.0,0.0,0.0,0.0,0.0,0.0,0.0,0.0,0.0,0.0,1.04,0.11,0.0]
Total cost: 0
assigning lease 1 to address 000009d8
Average Cache Occupancy Per Bin: [0.0,0.0,0.0,0.0,0.0,0.0,0.0,0.0,0.0,0.0,0.0,0.0,0.0,0.0,0.0,0.0,0.0,0.0,0.0,0.0,0.0,0.0,0.0,0.0,0.0,0.0,0.0,0.0,0.0,0.0,0.0,0.0,0.0,0.0,0.0,0.0,0.0,0.0,0.0,0.0,0.0,0.0,0.0,0.0,0.0,0.0,0.0,0.0,0.0,0.0,0.0,0.0,0.0,0.0,0.0,0.0,0.0,0.0,0.0,0.0,0.0,1.04,0.14,0.0]
Total cost: 0
assigning lease 1 to address 00000a84
Average Cache Occupancy Per Bin: [0.0,0.0,0.0,0.0,0.0,0.0,0.0,0.0,0.0,0.0,0.0,0.0,0.0,0.0,0.0,0.0,0.0,0.0,0.0,0.0,0.0,0.0,0.0,0.0,0.0,0.0,0.0,0.0,0.0,0.0,0.0,0.0,0.0,0.0,0.0,0.0,0.0,0.0,0.0,0.0,0.0,0.0,0.0,0.0,0.0,0.0,0.0,0.0,0.0,0.0,0.0,0.0,0.0,0.0,0.0,0.0,0.0,0.0,0.0,0.0,0.0,1.04,0.16,0.0]
Total cost: 0
assigning lease 1 to address 000009c0
Average Cache Occupancy Per Bin: [0.0,0.0,0.0,0.0,0.0,0.0,0.0,0.0,0.0,0.0,0.0,0.0,0.0,0.0,0.0,0.0,0.0,0.0,0.0,0.0,0.0,0.0,0.0,0.0,0.0,0.0,0.0,0.0,0.0,0.0,0.0,0.0,0.0,0.0,0.0,0.0,0.0,0.0,0.0,0.0,0.0,0.0,0.0,0.0,0.0,0.0,0.0,0.0,0.0,0.0,0.0,0.0,0.0,0.0,0.0,0.0,0.0,0.0,0.0,0.0,0.0,1.04,0.19,0.0]
Total cost: 0
assigning lease 1 to address 00000a14
Average Cache Occupancy Per Bin: [0.0,0.0,0.0,0.0,0.0,0.0,0.0,0.0,0.0,0.0,0.0,0.0,0.0,0.0,0.0,0.0,0.0,0.0,0.0,0.0,0.0,0.0,0.0,0.0,0.0,0.0,0.0,0.0,0.0,0.0,0.0,0.0,0.0,0.0,0.0,0.0,0.0,0.0,0.0,0.0,0.0,0.0,0.0,0.0,0.0,0.0,0.0,0.0,0.0,0.0,0.0,0.0,0.0,0.0,0.0,0.0,0.0,0.0,0.0,0.0,0.0,1.04,0.22,0.0]
Total cost: 0
assigning lease 1 to address 00000950
Average Cache Occupancy Per Bin: [0.0,0.0,0.0,0.0,0.0,0.0,0.0,0.0,0.0,0.0,0.0,0.0,0.0,0.0,0.0,0.0,0.0,0.0,0.0,0.0,0.0,0.0,0.0,0.0,0.0,0.0,0.0,0.0,0.0,0.0,0.0,0.0,0.0,0.0,0.0,0.0,0.0,0.0,0.0,0.0,0.0,0.0,0.0,0.0,0.0,0.0,0.0,0.0,0.0,0.0,0.0,0.0,0.0,0.0,0.0,0.0,0.0,0.0,0.0,0.0,0.0,1.04,0.22,0.0]
Total cost: 0
assigning lease 1 to address 00000a7c
Average Cache Occupancy Per Bin: [0.0,0.0,0.0,0.0,0.0,0.0,0.0,0.0,0.0,0.0,0.0,0.0,0.0,0.0,0.0,0.0,0.0,0.0,0.0,0.0,0.0,0.0,0.0,0.0,0.0,0.0,0.0,0.0,0.0,0.0,0.0,0.0,0.0,0.0,0.0,0.0,0.0,0.0,0.0,0.0,0.0,0.0,0.0,0.0,0.0,0.0,0.0,0.0,0.0,0.0,0.0,0.0,0.0,0.0,0.0,0.0,0.0,0.0,0.0,0.0,0.0,1.04,0.24,0.0]
Total cost: 0
assigning lease 1 to address 00000a2c
Average Cache Occupancy Per Bin: [0.0,0.0,0.0,0.0,0.0,0.0,0.0,0.0,0.0,0.0,0.0,0.0,0.0,0.0,0.0,0.0,0.0,0.0,0.0,0.0,0.0,0.0,0.0,0.0,0.0,0.0,0.0,0.0,0.0,0.0,0.0,0.0,0.0,0.0,0.0,0.0,0.0,0.0,0.0,0.0,0.0,0.0,0.0,0.0,0.0,0.0,0.0,0.0,0.0,0.0,0.0,0.0,0.0,0.0,0.0,0.0,0.0,0.0,0.0,0.0,0.0,1.04,0.27,0.0]
Total cost: 0
assigning lease 1 to address 00000a48
Average Cache Occupancy Per Bin: [0.0,0.0,0.0,0.0,0.0,0.0,0.0,0.0,0.0,0.0,0.0,0.0,0.0,0.0,0.0,0.0,0.0,0.0,0.0,0.0,0.0,0.0,0.0,0.0,0.0,0.0,0.0,0.0,0.0,0.0,0.0,0.0,0.0,0.0,0.0,0.0,0.0,0.0,0.0,0.0,0.0,0.0,0.0,0.0,0.0,0.0,0.0,0.0,0.0,0.0,0.0,0.0,0.0,0.0,0.0,0.0,0.0,0.0,0.0,0.0,0.0,1.04,0.29,0.0]
Total cost: 0
assigning lease 1 to address 00000980
Average Cache Occupancy Per Bin: [0.0,0.0,0.0,0.0,0.0,0.0,0.0,0.0,0.0,0.0,0.0,0.0,0.0,0.0,0.0,0.0,0.0,0.0,0.0,0.0,0.0,0.0,0.0,0.0,0.0,0.0,0.0,0.0,0.0,0.0,0.0,0.0,0.0,0.0,0.0,0.0,0.0,0.0,0.0,0.0,0.0,0.0,0.0,0.0,0.0,0.0,0.0,0.0,0.0,0.0,0.0,0.0,0.0,0.0,0.0,0.0,0.0,0.0,0.0,0.0,0.0,1.04,0.29,0.0]
Total cost: 0
assigning lease 1 to address 000009b8
Average Cache Occupancy Per Bin: [0.0,0.0,0.0,0.0,0.0,0.0,0.0,0.0,0.0,0.0,0.0,0.0,0.0,0.0,0.0,0.0,0.0,0.0,0.0,0.0,0.0,0.0,0.0,0.0,0.0,0.0,0.0,0.0,0.0,0.0,0.0,0.0,0.0,0.0,0.0,0.0,0.0,0.0,0.0,0.0,0.0,0.0,0.0,0.0,0.0,0.0,0.0,0.0,0.0,0.0,0.0,0.0,0.0,0.0,0.0,0.0,0.0,0.0,0.0,0.0,0.0,1.04,0.29,0.0]
Total cost: 0
assigning lease 1 to address 00000a9c
Average Cache Occupancy Per Bin: [0.0,0.0,0.0,0.0,0.0,0.0,0.0,0.0,0.0,0.0,0.0,0.0,0.0,0.0,0.0,0.0,0.0,0.0,0.0,0.0,0.0,0.0,0.0,0.0,0.0,0.0,0.0,0.0,0.0,0.0,0.0,0.0,0.0,0.0,0.0,0.0,0.0,0.0,0.0,0.0,0.0,0.0,0.0,0.0,0.0,0.0,0.0,0.0,0.0,0.0,0.0,0.0,0.0,0.0,0.0,0.0,0.0,0.0,0.0,0.0,0.0,1.04,0.30,0.0]
Total cost: 0
assigning lease 1 to address 00000a94
Average Cache Occupancy Per Bin: [0.0,0.0,0.0,0.0,0.0,0.0,0.0,0.0,0.0,0.0,0.0,0.0,0.0,0.0,0.0,0.0,0.0,0.0,0.0,0.0,0.0,0.0,0.0,0.0,0.0,0.0,0.0,0.0,0.0,0.0,0.0,0.0,0.0,0.0,0.0,0.0,0.0,0.0,0.0,0.0,0.0,0.0,0.0,0.0,0.0,0.0,0.0,0.0,0.0,0.0,0.0,0.0,0.0,0.0,0.0,0.0,0.0,0.0,0.0,0.0,0.0,1.04,0.30,0.0]
Total cost: 0
assigning lease 2 to address 0000087c
Average Cache Occupancy Per Bin: [0.0,0.0,0.0,0.0,0.0,0.0,0.0,0.0,0.0,0.0,0.0,0.0,0.0,0.0,0.0,0.0,0.0,0.0,0.0,0.0,0.0,0.0,0.0,0.0,0.0,0.0,0.0,0.0,0.0,0.0,0.0,0.0,0.0,0.0,0.0,0.0,0.0,0.0,0.0,0.0,0.0,0.0,0.0,0.0,0.0,0.0,0.0,0.0,0.0,0.0,0.0,0.0,0.0,0.0,0.0,0.0,0.0,0.0,0.0,0.0,0.0,1.04,0.34,0.0]
Total cost: 0
assigning lease 2 to address 00000904
Average Cache Occupancy Per Bin: [0.0,0.0,0.0,0.0,0.0,0.0,0.0,0.0,0.0,0.0,0.0,0.0,0.0,0.0,0.0,0.0,0.0,0.0,0.0,0.0,0.0,0.0,0.0,0.0,0.0,0.0,0.0,0.0,0.0,0.0,0.0,0.0,0.0,0.0,0.0,0.0,0.0,0.0,0.0,0.0,0.0,0.0,0.0,0.0,0.0,0.0,0.0,0.0,0.0,0.0,0.0,0.0,0.0,0.0,0.0,0.0,0.0,0.0,0.0,0.0,0.0,1.04,0.39,0.0]
Total cost: 0
assigning lease 2 to address 0000086c
Average Cache Occupancy Per Bin: [0.0,0.0,0.0,0.0,0.0,0.0,0.0,0.0,0.0,0.0,0.0,0.0,0.0,0.0,0.0,0.0,0.0,0.0,0.0,0.0,0.0,0.0,0.0,0.0,0.0,0.0,0.0,0.0,0.0,0.0,0.0,0.0,0.0,0.0,0.0,0.0,0.0,0.0,0.0,0.0,0.0,0.0,0.0,0.0,0.0,0.0,0.0,0.0,0.0,0.0,0.0,0.0,0.0,0.0,0.0,0.0,0.0,0.0,0.0,0.0,0.0,1.04,0.43,0.0]
Total cost: 0
assigning lease 2 to address 000008bc
Average Cache Occupancy Per Bin: [0.0,0.0,0.0,0.0,0.0,0.0,0.0,0.0,0.0,0.0,0.0,0.0,0.0,0.0,0.0,0.0,0.0,0.0,0.0,0.0,0.0,0.0,0.0,0.0,0.0,0.0,0.0,0.0,0.0,0.0,0.0,0.0,0.0,0.0,0.0,0.0,0.0,0.0,0.0,0.0,0.0,0.0,0.0,0.0,0.0,0.0,0.0,0.0,0.0,0.0,0.0,0.0,0.0,0.0,0.0,0.0,0.0,0.0,0.0,0.0,0.0,1.04,0.48,0.0]
Total cost: 0
assigning lease 2 to address 00000858
Average Cache Occupancy Per Bin: [0.0,0.0,0.0,0.0,0.0,0.0,0.0,0.0,0.0,0.0,0.0,0.0,0.0,0.0,0.0,0.0,0.0,0.0,0.0,0.0,0.0,0.0,0.0,0.0,0.0,0.0,0.0,0.0,0.0,0.0,0.0,0.0,0.0,0.0,0.0,0.0,0.0,0.0,0.0,0.0,0.0,0.0,0.0,0.0,0.0,0.0,0.0,0.0,0.0,0.0,0.0,0.0,0.0,0.0,0.0,0.0,0.0,0.0,0.0,0.0,0.0,1.04,0.52,0.0]
Total cost: 0
assigning lease 2 to address 000008d0
Average Cache Occupancy Per Bin: [0.0,0.0,0.0,0.0,0.0,0.0,0.0,0.0,0.0,0.0,0.0,0.0,0.0,0.0,0.0,0.0,0.0,0.0,0.0,0.0,0.0,0.0,0.0,0.0,0.0,0.0,0.0,0.0,0.0,0.0,0.0,0.0,0.0,0.0,0.0,0.0,0.0,0.0,0.0,0.0,0.0,0.0,0.0,0.0,0.0,0.0,0.0,0.0,0.0,0.0,0.0,0.0,0.0,0.0,0.0,0.0,0.0,0.0,0.0,0.0,0.0,1.04,0.57,0.0]
Total cost: 0
assigning lease 2 to address 000008e8
Average Cache Occupancy Per Bin: [0.0,0.0,0.0,0.0,0.0,0.0,0.0,0.0,0.0,0.0,0.0,0.0,0.0,0.0,0.0,0.0,0.0,0.0,0.0,0.0,0.0,0.0,0.0,0.0,0.0,0.0,0.0,0.0,0.0,0.0,0.0,0.0,0.0,0.0,0.0,0.0,0.0,0.0,0.0,0.0,0.0,0.0,0.0,0.0,0.0,0.0,0.0,0.0,0.0,0.0,0.0,0.0,0.0,0.0,0.0,0.0,0.0,0.0,0.0,0.0,0.0,1.04,0.61,0.0]
Total cost: 0
assigning lease 2 to address 0000082c
Average Cache Occupancy Per Bin: [0.0,0.0,0.0,0.0,0.0,0.0,0.0,0.0,0.0,0.0,0.0,0.0,0.0,0.0,0.0,0.0,0.0,0.0,0.0,0.0,0.0,0.0,0.0,0.0,0.0,0.0,0.0,0.0,0.0,0.0,0.0,0.0,0.0,0.0,0.0,0.0,0.0,0.0,0.0,0.0,0.0,0.0,0.0,0.0,0.0,0.0,0.0,0.0,0.0,0.0,0.0,0.0,0.0,0.0,0.0,0.0,0.0,0.0,0.0,0.0,0.0,1.04,0.61,0.0]
Total cost: 0
assigning lease 2 to address 0000091c
Average Cache Occupancy Per Bin: [0.0,0.0,0.0,0.0,0.0,0.0,0.0,0.0,0.0,0.0,0.0,0.0,0.0,0.0,0.0,0.0,0.0,0.0,0.0,0.0,0.0,0.0,0.0,0.0,0.0,0.0,0.0,0.0,0.0,0.0,0.0,0.0,0.0,0.0,0.0,0.0,0.0,0.0,0.0,0.0,0.0,0.0,0.0,0.0,0.0,0.0,0.0,0.0,0.0,0.0,0.0,0.0,0.0,0.0,0.0,0.0,0.0,0.0,0.0,0.0,0.0,1.04,0.61,0.0]
Total cost: 0
assigning lease 2 to address 00000840
Average Cache Occupancy Per Bin: [0.0,0.0,0.0,0.0,0.0,0.0,0.0,0.0,0.0,0.0,0.0,0.0,0.0,0.0,0.0,0.0,0.0,0.0,0.0,0.0,0.0,0.0,0.0,0.0,0.0,0.0,0.0,0.0,0.0,0.0,0.0,0.0,0.0,0.0,0.0,0.0,0.0,0.0,0.0,0.0,0.0,0.0,0.0,0.0,0.0,0.0,0.0,0.0,0.0,0.0,0.0,0.0,0.0,0.0,0.0,0.0,0.0,0.0,0.0,0.0,0.0,1.04,0.61,0.0]
Total cost: 0
assigning lease 2 to address 00000934
Average Cache Occupancy Per Bin: [0.0,0.0,0.0,0.0,0.0,0.0,0.0,0.0,0.0,0.0,0.0,0.0,0.0,0.0,0.0,0.0,0.0,0.0,0.0,0.0,0.0,0.0,0.0,0.0,0.0,0.0,0.0,0.0,0.0,0.0,0.0,0.0,0.0,0.0,0.0,0.0,0.0,0.0,0.0,0.0,0.0,0.0,0.0,0.0,0.0,0.0,0.0,0.0,0.0,0.0,0.0,0.0,0.0,0.0,0.0,0.0,0.0,0.0,0.0,0.0,0.0,1.04,0.61,0.0]
Total cost: 0
assigning lease 2 to address 00000a04
Average Cache Occupancy Per Bin: [0.0,0.0,0.0,0.0,0.0,0.0,0.0,0.0,0.0,0.0,0.0,0.0,0.0,0.0,0.0,0.0,0.0,0.0,0.0,0.0,0.0,0.0,0.0,0.0,0.0,0.0,0.0,0.0,0.0,0.0,0.0,0.0,0.0,0.0,0.0,0.0,0.0,0.0,0.0,0.0,0.0,0.0,0.0,0.0,0.0,0.0,0.0,0.0,0.0,0.0,0.0,0.0,0.0,0.0,0.0,0.0,0.0,0.0,0.0,0.0,0.0,1.04,0.66,0.0]
Total cost: 0
assigning lease 2 to address 00000a88
Average Cache Occupancy Per Bin: [0.0,0.0,0.0,0.0,0.0,0.0,0.0,0.0,0.0,0.0,0.0,0.0,0.0,0.0,0.0,0.0,0.0,0.0,0.0,0.0,0.0,0.0,0.0,0.0,0.0,0.0,0.0,0.0,0.0,0.0,0.0,0.0,0.0,0.0,0.0,0.0,0.0,0.0,0.0,0.0,0.0,0.0,0.0,0.0,0.0,0.0,0.0,0.0,0.0,0.0,0.0,0.0,0.0,0.0,0.0,0.0,0.0,0.0,0.0,0.0,0.0,1.04,0.72,0.0]
Total cost: 0
assigning lease 2 to address 000009e0
Average Cache Occupancy Per Bin: [0.0,0.0,0.0,0.0,0.0,0.0,0.0,0.0,0.0,0.0,0.0,0.0,0.0,0.0,0.0,0.0,0.0,0.0,0.0,0.0,0.0,0.0,0.0,0.0,0.0,0.0,0.0,0.0,0.0,0.0,0.0,0.0,0.0,0.0,0.0,0.0,0.0,0.0,0.0,0.0,0.0,0.0,0.0,0.0,0.0,0.0,0.0,0.0,0.0,0.0,0.0,0.0,0.0,0.0,0.0,0.0,0.0,0.0,0.0,0.0,0.0,1.04,0.77,0.0]
Total cost: 0
assigning lease 2 to address 000009f0
Average Cache Occupancy Per Bin: [0.0,0.0,0.0,0.0,0.0,0.0,0.0,0.0,0.0,0.0,0.0,0.0,0.0,0.0,0.0,0.0,0.0,0.0,0.0,0.0,0.0,0.0,0.0,0.0,0.0,0.0,0.0,0.0,0.0,0.0,0.0,0.0,0.0,0.0,0.0,0.0,0.0,0.0,0.0,0.0,0.0,0.0,0.0,0.0,0.0,0.0,0.0,0.0,0.0,0.0,0.0,0.0,0.0,0.0,0.0,0.0,0.0,0.0,0.0,0.0,0.0,1.04,0.82,0.0]
Total cost: 0
assigning lease 2 to address 00000a34
Average Cache Occupancy Per Bin: [0.0,0.0,0.0,0.0,0.0,0.0,0.0,0.0,0.0,0.0,0.0,0.0,0.0,0.0,0.0,0.0,0.0,0.0,0.0,0.0,0.0,0.0,0.0,0.0,0.0,0.0,0.0,0.0,0.0,0.0,0.0,0.0,0.0,0.0,0.0,0.0,0.0,0.0,0.0,0.0,0.0,0.0,0.0,0.0,0.0,0.0,0.0,0.0,0.0,0.0,0.0,0.0,0.0,0.0,0.0,0.0,0.0,0.0,0.0,0.0,0.0,1.04,0.87,0.0]
Total cost: 0
assigning lease 2 to address 00000aa0
Average Cache Occupancy Per Bin: [0.0,0.0,0.0,0.0,0.0,0.0,0.0,0.0,0.0,0.0,0.0,0.0,0.0,0.0,0.0,0.0,0.0,0.0,0.0,0.0,0.0,0.0,0.0,0.0,0.0,0.0,0.0,0.0,0.0,0.0,0.0,0.0,0.0,0.0,0.0,0.0,0.0,0.0,0.0,0.0,0.0,0.0,0.0,0.0,0.0,0.0,0.0,0.0,0.0,0.0,0.0,0.0,0.0,0.0,0.0,0.0,0.0,0.0,0.0,0.0,0.0,1.04,0.87,0.0]
Total cost: 0
assigning lease 2 to address 00000a6c
Average Cache Occupancy Per Bin: [0.0,0.0,0.0,0.0,0.0,0.0,0.0,0.0,0.0,0.0,0.0,0.0,0.0,0.0,0.0,0.0,0.0,0.0,0.0,0.0,0.0,0.0,0.0,0.0,0.0,0.0,0.0,0.0,0.0,0.0,0.0,0.0,0.0,0.0,0.0,0.0,0.0,0.0,0.0,0.0,0.0,0.0,0.0,0.0,0.0,0.0,0.0,0.0,0.0,0.0,0.0,0.0,0.0,0.0,0.0,0.0,0.0,0.0,0.0,0.0,0.0,1.04,0.92,0.0]
Total cost: 0
assigning lease 2 to address 00000970
Average Cache Occupancy Per Bin: [0.0,0.0,0.0,0.0,0.0,0.0,0.0,0.0,0.0,0.0,0.0,0.0,0.0,0.0,0.0,0.0,0.0,0.0,0.0,0.0,0.0,0.0,0.0,0.0,0.0,0.0,0.0,0.0,0.0,0.0,0.0,0.0,0.0,0.0,0.0,0.0,0.0,0.0,0.0,0.0,0.0,0.0,0.0,0.0,0.0,0.0,0.0,0.0,0.0,0.0,0.0,0.0,0.0,0.0,0.0,0.0,0.0,0.0,0.0,0.0,0.0,1.04,0.92,0.0]
Total cost: 0
assigning lease 2 to address 000009a8
Average Cache Occupancy Per Bin: [0.0,0.0,0.0,0.0,0.0,0.0,0.0,0.0,0.0,0.0,0.0,0.0,0.0,0.0,0.0,0.0,0.0,0.0,0.0,0.0,0.0,0.0,0.0,0.0,0.0,0.0,0.0,0.0,0.0,0.0,0.0,0.0,0.0,0.0,0.0,0.0,0.0,0.0,0.0,0.0,0.0,0.0,0.0,0.0,0.0,0.0,0.0,0.0,0.0,0.0,0.0,0.0,0.0,0.0,0.0,0.0,0.0,0.0,0.0,0.0,0.0,1.04,0.93,0.0]
Total cost: 0
assigning lease 2 to address 00000998
Average Cache Occupancy Per Bin: [0.0,0.0,0.0,0.0,0.0,0.0,0.0,0.0,0.0,0.0,0.0,0.0,0.0,0.0,0.0,0.0,0.0,0.0,0.0,0.0,0.0,0.0,0.0,0.0,0.0,0.0,0.0,0.0,0.0,0.0,0.0,0.0,0.0,0.0,0.0,0.0,0.0,0.0,0.0,0.0,0.0,0.0,0.0,0.0,0.0,0.0,0.0,0.0,0.0,0.0,0.0,0.0,0.0,0.0,0.0,0.0,0.0,0.0,0.0,0.0,0.0,1.04,0.93,0.0]
Total cost: 0
assigning lease 4 to address 00000908
Average Cache Occupancy Per Bin: [0.0,0.0,0.0,0.0,0.0,0.0,0.0,0.0,0.0,0.0,0.0,0.0,0.0,0.0,0.0,0.0,0.0,0.0,0.0,0.0,0.0,0.0,0.0,0.0,0.0,0.0,0.0,0.0,0.0,0.0,0.0,0.0,0.0,0.0,0.0,0.0,0.0,0.0,0.0,0.0,0.0,0.0,0.0,0.0,0.0,0.0,0.0,0.0,0.0,0.0,0.0,0.0,0.0,0.0,0.0,0.0,0.0,0.0,0.0,0.0,0.0,0.04,0.93,0.0]
Total cost: 0
assigning lease 4 to address 00000920
Average Cache Occupancy Per Bin: [0.0,0.0,0.0,0.0,0.0,0.0,0.0,0.0,0.0,0.0,0.0,0.0,0.0,0.0,0.0,0.0,0.0,0.0,0.0,0.0,0.0,0.0,0.0,0.0,0.0,0.0,0.0,0.0,0.0,0.0,0.0,0.0,0.0,0.0,0.0,0.0,0.0,0.0,0.0,0.0,0.0,0.0,0.0,0.0,0.0,0.0,0.0,0.0,0.0,0.0,0.0,0.0,0.0,0.0,0.0,0.0,0.0,0.0,0.0,0.0,0.0,0.04,0.93,0.0]
Total cost: 0
assigning lease 3 to address 00000888
Average Cache Occupancy Per Bin: [0.0,0.0,0.0,0.0,0.0,0.0,0.0,0.0,0.0,0.0,0.0,0.0,0.0,0.0,0.0,0.0,0.0,0.0,0.0,0.0,0.0,0.0,0.0,0.0,0.0,0.0,0.0,0.0,0.0,0.0,0.0,0.0,0.0,0.0,0.0,0.0,0.0,0.0,0.0,0.0,0.0,0.0,0.0,0.0,0.0,0.0,0.0,0.0,0.0,0.0,0.0,0.0,0.0,0.0,0.0,0.0,0.0,0.0,0.0,0.0,0.0,0.11,0.93,0.0]
Total cost: 0
assigning lease 3 to address 00000890
Average Cache Occupancy Per Bin: [0.0,0.0,0.0,0.0,0.0,0.0,0.0,0.0,0.0,0.0,0.0,0.0,0.0,0.0,0.0,0.0,0.0,0.0,0.0,0.0,0.0,0.0,0.0,0.0,0.0,0.0,0.0,0.0,0.0,0.0,0.0,0.0,0.0,0.0,0.0,0.0,0.0,0.0,0.0,0.0,0.0,0.0,0.0,0.0,0.0,0.0,0.0,0.0,0.0,0.0,0.0,0.0,0.0,0.0,0.0,0.0,0.0,0.0,0.0,0.0,0.0,0.11,0.99,0.0]
Total cost: 0
assigning lease 4 to address 00000864
Average Cache Occupancy Per Bin: [0.0,0.0,0.0,0.0,0.0,0.0,0.0,0.0,0.0,0.0,0.0,0.0,0.0,0.0,0.0,0.0,0.0,0.0,0.0,0.0,0.0,0.0,0.0,0.0,0.0,0.0,0.0,0.0,0.0,0.0,0.0,0.0,0.0,0.0,0.0,0.0,0.0,0.0,0.0,0.0,0.0,0.0,0.0,0.0,0.0,0.0,0.0,0.0,0.0,0.0,0.0,0.0,0.0,0.0,0.0,0.0,0.0,0.0,0.0,0.0,0.0,0.20,0.99,0.0]
Total cost: 0
assigning lease 5 to address 00000838
Average Cache Occupancy Per Bin: [0.0,0.0,0.0,0.0,0.0,0.0,0.0,0.0,0.0,0.0,0.0,0.0,0.0,0.0,0.0,0.0,0.0,0.0,0.0,0.0,0.0,0.0,0.0,0.0,0.0,0.0,0.0,0.0,0.0,0.0,0.0,0.0,0.0,0.0,0.0,0.0,0.0,0.0,0.0,0.0,0.0,0.0,0.0,0.0,0.0,0.0,0.0,0.0,0.0,0.0,0.0,0.0,0.0,0.0,0.0,0.0,0.0,0.0,0.0,0.0,0.0,0.20,0.99,0.0]
Total cost: 0
assigning lease 5 to address 0000097c
Average Cache Occupancy Per Bin: [0.00,5.20,5.20,5.20,0.00,5.20,0.00,0.00,0.00,0.0,5.20,5.20,0.0,0.00,0.0,5.20,5.20,0.00,5.20,0.0,5.20,5.20,0.0,0.0,5.20,0.0,0.0,0.0,0.0,0.0,0.0,5.20,0.00,5.20,5.20,5.20,0.00,5.20,0.0,0.00,5.20,0.00,0.0,0.0,5.20,5.20,0.00,0.0,0.0,0.0,0.0,5.20,5.20,0.0,0.0,0.0,0.0,0.0,0.0,5.20,0.0,0.20,0.99,0.0]
Total cost: 640.0
assigning lease 5 to address 000009a0
Average Cache Occupancy Per Bin: [0.00,5.20,5.20,5.20,0.00,5.20,0.00,0.00,0.00,0.0,5.20,5.20,0.0,0.00,0.0,5.20,5.20,0.00,5.20,0.0,5.20,5.20,0.0,0.0,5.20,0.0,0.0,0.0,0.0,0.0,0.0,5.20,0.00,5.20,5.20,5.20,0.00,5.20,0.0,0.00,5.20,0.00,0.0,0.0,5.20,5.20,0.00,0.0,0.0,0.0,0.0,5.20,5.20,0.0,0.0,0.0,0.0,0.0,0.0,5.20,0.0,0.21,0.99,0.0]
Total cost: 640.0
assigning lease 6 to address 00000a8c
Average Cache Occupancy Per Bin: [0.00,5.20,5.20,5.20,0.00,5.20,0.00,0.00,0.00,0.0,5.20,5.20,0.0,0.00,0.0,5.20,5.20,0.00,5.20,0.0,5.20,5.20,0.0,0.0,5.20,0.0,0.0,0.0,0.0,0.0,0.0,5.20,0.00,5.20,5.20,5.20,0.00,5.20,0.0,0.00,5.20,0.00,0.0,0.0,5.20,5.20,0.00,0.0,0.0,0.0,0.0,5.20,5.20,0.0,0.0,0.0,0.0,0.0,0.0,5.20,0.0,0.36,0.99,0.0]
Total cost: 640.0
assigning lease 6 to address 000008dc
Average Cache Occupancy Per Bin: [0.00,5.20,5.20,5.20,0.00,5.20,0.00,0.00,0.00,0.0,5.20,5.20,0.0,0.00,0.0,5.20,5.20,0.00,5.20,0.0,5.20,5.20,0.0,0.0,5.20,0.0,0.0,0.0,0.0,0.0,0.0,5.20,0.00,5.20,5.20,5.20,0.00,5.20,0.0,0.00,5.20,0.00,0.0,0.0,5.20,5.20,0.00,0.0,0.0,0.0,0.0,5.20,5.20,0.0,0.0,0.0,0.0,0.0,0.0,5.20,0.0,0.50,0.99,0.0]
Total cost: 640.0
assigning lease 6 to address 000008a0
Average Cache Occupancy Per Bin: [0.00,5.20,5.20,5.20,0.00,5.20,0.00,0.00,0.00,0.0,5.20,5.20,0.0,0.00,0.0,5.20,5.20,0.00,5.20,0.0,5.20,5.20,0.0,0.0,5.20,0.0,0.0,0.0,0.0,0.0,0.0,5.20,0.00,5.20,5.20,5.20,0.00,5.20,0.0,0.00,5.20,0.00,0.0,0.0,5.20,5.20,0.00,0.0,0.0,0.0,0.0,5.20,5.20,0.0,0.0,0.0,0.0,0.0,0.0,5.20,0.0,0.63,0.99,0.0]
Total cost: 640.0
assigning lease 7 to address 0000084c
Average Cache Occupancy Per Bin: [0.00,5.20,0.00,5.20,0.00,5.20,0.00,0.00,0.00,7.28,5.20,5.20,0.00,0.00,0.0,5.20,0.00,0.00,0.00,7.28,5.20,0.00,0.0,0.0,5.20,0.00,7.28,0.0,7.28,7.28,7.28,5.20,0.00,0.00,5.20,0.00,0.00,5.20,7.28,0.00,5.20,0.00,0.0,0.0,5.20,5.20,0.00,0.0,0.0,0.0,0.0,0.00,0.00,7.28,7.28,0.0,7.28,0.00,0.0,5.20,0.0,0.63,0.99,0.0]
Total cost: 640.0
assigning lease 7 to address 00000aa4
Average Cache Occupancy Per Bin: [0.00,5.20,0.00,5.20,0.00,5.20,0.00,0.00,0.00,7.28,5.20,5.20,0.00,0.00,0.0,5.20,0.00,0.00,0.00,7.28,5.20,0.00,0.0,0.0,5.20,0.00,7.28,0.0,7.28,7.28,7.28,5.20,0.00,0.00,5.20,0.00,0.00,5.20,7.28,0.00,5.20,0.00,0.0,0.0,5.20,5.20,0.00,0.0,0.0,0.0,0.0,0.00,0.00,7.28,7.28,0.0,7.28,0.00,0.0,5.20,0.0,0.64,0.99,0.0]
Total cost: 640.0
assigning lease 7 to address 000009b4
Average Cache Occupancy Per Bin: [0.00,0.00,0.00,0.00,0.00,0.00,0.00,0.00,0.00,0.00,5.20,0.00,0.00,0.00,0.00,5.20,0.00,0.00,0.00,0.00,5.20,0.00,7.28,7.28,0.00,0.00,0.00,0.0,0.00,0.00,7.28,5.20,0.00,0.00,5.20,0.00,0.00,0.00,7.28,0.00,0.00,0.00,0.00,7.28,0.00,0.00,0.00,0.00,0.0,7.28,0.0,0.00,0.00,0.00,0.00,7.28,0.00,0.00,7.28,5.20,7.28,0.64,0.99,0.0]
Total cost: 640.0
assigning lease 12 to address 000008f4
Average Cache Occupancy Per Bin: [0.00,0.00,0.00,0.00,0.00,0.00,0.00,0.00,0.00,0.00,0.00,0.00,0.00,0.00,0.00,0.00,0.00,0.00,0.00,0.00,0.00,0.00,0.00,0.00,0.00,0.00,0.00,0.00,0.00,0.00,0.00,0.00,0.00,0.00,0.00,0.00,0.00,0.00,0.00,0.00,0.00,0.00,0.00,0.00,0.00,0.00,0.00,0.00,0.00,0.00,0.00,0.00,0.00,0.00,0.00,0.00,0.00,0.00,0.00,0.00,0.00,0.64,0.99,0.00]
Total cost: 18560.0
assigning lease 12 to address 00000a78
Average Cache Occupancy Per Bin: [0.00,0.00,0.00,0.00,0.00,0.00,0.00,0.00,0.00,0.00,0.00,0.00,0.00,0.00,0.00,0.00,0.00,0.00,0.00,0.00,0.00,0.00,0.00,0.00,0.00,0.00,0.00,0.00,0.00,0.00,0.00,0.00,0.00,0.00,0.00,0.00,0.00,0.00,0.00,0.00,0.00,0.00,0.00,0.00,0.00,0.00,0.00,0.00,0.00,0.00,0.00,0.00,0.00,0.00,0.00,0.00,0.00,0.00,0.00,0.00,0.00,0.64,1.00,0.00]
Total cost: 47488.0
assigning lease 12 to address 000009ec
Average Cache Occupancy Per Bin: [0.01,0.01,0.01,0.01,0.01,0.01,0.01,0.01,0.01,0.01,0.01,0.00,0.01,0.01,0.01,0.01,0.01,0.01,0.01,0.01,0.01,0.01,0.00,0.01,0.01,0.01,0.01,0.01,0.01,0.01,0.01,0.01,0.01,0.01,0.01,0.01,0.01,0.01,0.01,0.01,0.01,0.01,0.00,0.01,0.00,0.01,0.01,0.01,0.01,0.01,0.01,0.00,0.01,0.01,0.00,0.01,0.01,0.01,0.01,0.01,0.00,0.64,1.00,0.01]
Total cost: 83584.0
assigning lease 13 to address 00000878
Average Cache Occupancy Per Bin: [0.01,0.01,0.01,0.01,0.01,0.01,0.01,0.01,0.01,0.01,0.01,0.01,0.01,0.01,0.01,0.01,0.01,0.01,0.01,0.01,0.01,0.01,0.01,0.01,0.01,0.01,0.01,0.01,0.01,0.01,0.01,0.01,0.01,0.01,0.01,0.01,0.01,0.01,0.01,0.01,0.01,0.01,0.01,0.01,0.01,0.01,0.01,0.01,0.01,0.01,0.01,0.01,0.01,0.01,0.01,0.01,0.01,0.02,0.01,0.01,0.01,0.65,1.00,0.01]
Total cost: 101888.0
assigning lease 14 to address 000009fc
Average Cache Occupancy Per Bin: [0.01,0.01,0.01,0.01,0.01,0.01,0.01,0.01,0.01,0.01,0.01,0.01,0.01,0.01,0.01,0.01,0.01,0.01,0.01,0.01,0.01,0.01,0.01,0.01,0.01,0.01,0.01,0.01,0.01,0.01,0.01,0.01,0.01,0.01,0.01,0.01,0.01,0.01,0.01,0.01,0.01,0.01,0.01,0.01,0.01,0.01,0.01,0.01,0.01,0.01,0.01,0.01,0.01,0.01,0.01,0.01,0.01,0.02,0.01,0.01,0.01,1.01,1.00,0.01]
Total cost: 101888.0
assigning lease 20 to address 00000a10
Average Cache Occupancy Per Bin: [0.02,0.02,0.02,0.02,0.02,0.02,0.02,0.02,0.02,0.02,0.02,0.02,0.02,0.02,0.02,0.02,0.02,0.02,0.02,0.02,0.02,0.02,0.02,0.02,0.02,0.02,0.02,0.02,0.02,0.02,0.02,0.02,0.02,0.02,0.02,0.02,0.02,0.02,0.02,0.02,0.02,0.02,0.02,0.02,0.02,0.02,0.02,0.02,0.02,0.02,0.02,0.02,0.02,0.02,0.02,0.02,0.02,0.03,0.02,0.02,0.02,1.02,1.01,0.01]
Total cost: 158208.0
assigning lease 21 to address 0000089c
Average Cache Occupancy Per Bin: [0.03,0.03,0.03,0.03,0.03,0.02,0.03,0.03,0.03,0.03,0.03,0.03,0.03,0.03,0.03,0.03,0.03,0.03,0.03,0.03,0.03,0.02,0.02,0.03,0.03,0.03,0.03,0.03,0.03,0.03,0.03,0.03,0.02,0.02,0.02,0.03,0.03,0.03,0.03,0.03,0.03,0.03,0.02,0.03,0.02,0.03,0.03,0.02,0.02,0.02,0.03,0.02,0.02,0.03,0.03,0.03,0.02,0.03,0.03,0.02,0.02,1.02,1.01,0.01]
Total cost: 195840.0
assigning lease 996 to address 00000a10
Average Cache Occupancy Per Bin: [0.05,0.07,0.05,0.04,0.05,0.03,0.08,0.05,0.05,0.06,0.07,0.05,0.04,0.06,0.07,0.03,0.05,0.06,0.04,0.03,0.09,0.07,0.04,0.05,0.07,0.05,0.05,0.05,0.08,0.06,0.06,0.08,0.05,0.05,0.02,0.08,0.07,0.06,0.05,0.09,0.08,0.06,0.04,0.05,0.04,0.05,0.05,0.07,0.04,0.04,0.06,0.08,0.03,0.07,0.09,0.03,0.05,0.06,0.04,0.08,0.04,1.03,1.04,0.01]
Total cost: 329472.0
assigning lease 1016 to address 00000a40
Average Cache Occupancy Per Bin: [0.40,0.48,0.57,0.39,0.49,0.52,0.37,0.49,0.47,0.47,0.47,0.44,0.50,0.48,0.54,0.53,0.47,0.42,0.49,0.51,0.43,0.47,0.46,0.44,0.50,0.44,0.39,0.47,0.56,0.41,0.56,0.49,0.47,0.50,0.37,0.49,0.42,0.43,0.44,0.34,0.46,0.39,0.46,0.30,0.37,0.44,0.39,0.43,0.45,0.55,0.44,0.59,0.63,0.50,0.60,0.54,0.48,0.47,0.35,0.40,0.30,1.40,1.27,0.42]
Total cost: 2475264.0
assigning lease 1460 to address 0000089c
Average Cache Occupancy Per Bin: [0.41,0.56,0.62,0.44,0.57,0.54,0.39,0.53,0.50,0.50,0.50,0.50,0.55,0.49,0.59,0.56,0.51,0.49,0.49,0.51,0.49,0.54,0.49,0.46,0.55,0.48,0.44,0.50,0.59,0.46,0.62,0.54,0.48,0.55,0.38,0.52,0.48,0.44,0.48,0.37,0.48,0.43,0.52,0.32,0.38,0.46,0.40,0.43,0.48,0.59,0.45,0.62,0.67,0.51,0.65,0.56,0.51,0.49,0.38,0.42,0.31,1.40,1.30,0.43]
Total cost: 2548544.0
assigning lease 1509 to address 000008c8
Average Cache Occupancy Per Bin: [0.93,1.33,1.26,1.06,1.16,1.36,1.06,1.10,1.13,1.17,1.05,1.27,1.18,0.96,1.07,1.10,1.01,1.12,1.00,1.10,1.03,0.91,1.04,1.16,0.95,1.09,1.21,0.93,1.06,1.03,1.12,0.97,1.02,1.00,0.92,0.95,0.93,0.83,0.87,0.78,0.91,0.85,0.95,0.80,0.94,0.82,0.78,0.94,0.89,1.11,0.91,1.01,1.25,0.93,1.08,1.05,0.86,1.01,0.85,0.80,0.73,1.79,1.71,0.91]
Total cost: 5780160.0
addr: 000008c8 ri: 57766
bin target: 12306560.0
num_full_bins: 0
printing bin ranks sorted:
	selecting this^ bin
acceptable_ratio: 0.19453027969596104
Assigning 000008c8 dual lease lease 57766 * 0.19453027969596104. Bin saturation: [1.34,1.54,1.57,1.58,1.57,1.56,1.27,1.61,1.44,1.68,1.46,1.48,2.0,1.16,1.17,1.61,1.12,1.33,1.30,1.40,1.33,1.12,1.35,1.46,1.05,1.19,1.73,1.03,1.17,1.24,1.23,1.17,1.12,1.20,1.03,1.05,1.03,0.83,0.87,0.88,1.22,0.85,1.05,1.31,1.24,0.93,1.08,1.24,0.99,1.21,1.01,1.11,1.45,1.03,1.18,1.15,1.06,1.22,0.95,0.90,0.83,1.89,1.71,1.01]
addr: 00000a40 ri: 66047
bin target: 12306560.0
num_full_bins: 1
printing bin ranks sorted:
acceptable_ratio: 0
Final saturation:
	0,1.3466610164222346
	1,1.5407159840661722
	2,1.5746411951095785
	3,1.5871128662014657
	4,1.5717954815755812
	5,1.5671598641205846
	6,1.2734160396887368
	7,1.6130903234075724
	8,1.4404168464695037
	9,1.6814522710544137
	10,1.464144472117606
	11,1.4831409343790485
	12,2.0
	13,1.1637483502613095
	14,1.1740526555508535
	15,1.6116029865725836
	16,1.1214134127405149
	17,1.3303254281350265
	18,1.3073423563989697
	19,1.4063745145749693
	20,1.3394131541298082
	21,1.1207819973568425
	22,1.3512286411546146
	23,1.4682670670374534
	24,1.054504057079794
	25,1.1997014152367445
	26,1.7359494536024018
	27,1.0338581576570471
	28,1.171666188778463
	29,1.241370691516705
	30,1.2307586725044133
	31,1.1779779649509663
	32,1.129120521794548
	33,1.205206564417012
	34,1.0302698275306756
	35,1.0542752360282575
	36,1.0362919815688472
	37,0.8340007280669821
	38,0.8706224972697488
	39,0.8887440071552011
	40,1.2244582366250554
	41,0.8503926361225232
	42,1.0568188228207949
	43,1.3110210858202669
	44,1.2465742129472195
	45,0.9383607046113233
	46,1.0863682740008365
	47,1.2462413823268024
	48,0.9982822374549413
	49,1.2178718869201395
	50,1.0171646218517532
	51,1.1160881228138417
	52,1.453955849351226
	53,1.0341909882774643
	54,1.1897118489792016
	55,1.155694966643474
	56,1.0696936027896473
	57,1.2225923166887736
	58,0.9596577312178148
	59,0.9081937965358241
	60,0.8356783251124531
	61,1.8963575075972419
	62,1.7173435956107963
	63,1.0119433414939603
Dump single leases (last one may be dual)
000008c8 e1a6 percentage 0.19453027969596104
000008c8 5e5 percentage 0.805469720304039
00000800 1
00000888 3
00000900 1
00000908 4
00000864 4
0000089c 5b4
00000878 d
000008f8 1
0000087c 2
00000904 2
00000890 3
000008a8 1
0000086c 2
000008b4 1
000008dc 6
000008f4 c
000008bc 2
00000858 2
000008d0 2
000008a0 6
000008e8 2
0000082c 2
00000850 1
00000920 4
00000838 5
0000091c 2
00000918 1
0000084c 7
00000840 2
00000910 1
00000928 1
00000934 2
00000824 1
00000968 1
00000a60 1
000009d8 1
00000a04 2
00000a88 2
000009e0 2
000009f0 2
00000a84 1
000009ec c
00000a34 2
00000aa0 2
00000a40 3f8
00000a6c 2
00000a78 c
000009c0 1
00000a10 3e4
00000a8c 6
00000a14 1
00000950 1
00000a7c 1
00000a2c 1
00000970 2
00000a48 1
000009fc e
00000980 1
0000097c 5
00000aa4 7
000009a8 2
000009a0 5
000009b4 7
000009b8 1
00000998 2
00000a9c 1
00000a94 1
Dump dual leases

