sample rate: 0.015625
len(carl_order):
55
Printing carl assignment order:
0000073c,1,1.0
00000768,1,1.0
00000810,1,1.0
0000077c,1,1.0
0000078c,1,1.0
00000828,1,1.0
000007f0,1,1.0
00000808,1,1.0
000007d4,1,1.0
00000818,1,1.0
00000760,1,1.0
000007bc,1,1.0
00000794,1,1.0
00000814,1,1.0
0000074c,1,1.0
00000848,1,1.0
00000850,1,1.0
00000820,1,1.0
0000086c,1,1.0
00000840,1,1.0
00000894,1,1.0
00000830,1,1.0
0000089c,1,1.0
000008a0,1,1.0
0000082c,1,1.0
000008a4,1,1.0
00000744,1,1.0
000008b8,1,1.0
000008ac,1,1.0
00000838,1,1.0
000008bc,1,1.0
000008d4,1,1.0
000008b4,1,1.0
000007f8,2,0.5
000007dc,2,0.5
000007a8,2,0.5
00000770,2,0.5
00000880,2,0.5
00000754,2,0.5
00000860,2,0.5
0000075c,6,0.16666666666666666
00000804,11,0.13991089248634156
00000778,12,0.08333333333333333
00000868,12,0.0794392523364486
00000890,12,0.07507861635220126
000007b8,19,0.04797325218828656
00000890,25,0.02197802197802198
00000804,208,0.0028200789622109417
000007b8,561,0.002718439790943211
00000868,185,0.0023121387283236996
000007e8,580,0.0015656276808693166
000007e8,976,0.0008292692558295654
00000804,8136,0.00012613521695257316
000007e8,16037,0.0001239439006433633
00000868,9297,0.00010974539069359087
TRACE LENGTH: 8798720.0
assigning lease 1 to address 0000073c
Average Cache Occupancy Per Bin: [0.0,0.0,0.0,0.0,0.0,0.0,0.0,0.0,0.0,0.0,0.0,0.0,0.0,0.0,0.0,0.0,0.0,0.0,0.0,0.0,0.0,0.0,0.0,0.0,0.0,0.0,0.0,0.0,0.0,0.0,0.0,0.0,0.0,0.0,0.0,0.0,0.0,0.0,0.0,0.0,0.0,0.0,0.0,0.0,0.0,0.0,0.0,0.0,0.0,0.0,0.0,0.0,0.0,0.0,0.0,0.0,0.0,0.0,0.0,0.0,0.0,0.0,7.27,0.0]
Total cost: 0
assigning lease 1 to address 00000768
Average Cache Occupancy Per Bin: [0.0,0.0,0.0,0.0,0.0,0.0,0.0,0.0,0.0,0.0,0.0,0.0,0.0,0.0,0.0,0.0,0.0,0.0,0.0,0.0,0.0,0.0,0.0,0.0,0.0,0.0,0.0,0.0,0.0,0.0,0.0,0.0,0.0,0.0,0.0,0.0,0.0,0.0,0.0,0.0,0.0,0.0,0.0,0.0,0.0,0.0,0.0,0.0,0.0,0.0,0.0,0.0,0.0,0.0,0.0,0.0,0.0,0.0,0.0,0.0,0.0,0.0,0.05,0.0]
Total cost: 0
assigning lease 1 to address 00000810
Average Cache Occupancy Per Bin: [0.0,0.0,0.0,0.0,0.0,0.0,0.0,0.0,0.0,0.0,0.0,0.0,0.0,0.0,0.0,0.0,0.0,0.0,0.0,0.0,0.0,0.0,0.0,0.0,0.0,0.0,0.0,0.0,0.0,0.0,0.0,0.0,0.0,0.0,0.0,0.0,0.0,0.0,0.0,0.0,0.0,0.0,0.0,0.0,0.0,0.0,0.0,0.0,0.0,0.0,0.0,0.0,0.0,0.0,0.0,0.0,0.0,0.0,0.0,0.0,0.0,0.0,0.10,0.0]
Total cost: 0
assigning lease 1 to address 0000077c
Average Cache Occupancy Per Bin: [0.0,0.0,0.0,0.0,0.0,0.0,0.0,0.0,0.0,0.0,0.0,0.0,0.0,0.0,0.0,0.0,0.0,0.0,0.0,0.0,0.0,0.0,0.0,0.0,0.0,0.0,0.0,0.0,0.0,0.0,0.0,0.0,0.0,0.0,0.0,0.0,0.0,0.0,0.0,0.0,0.0,0.0,0.0,0.0,0.0,0.0,0.0,0.0,0.0,0.0,0.0,0.0,0.0,0.0,0.0,0.0,0.0,0.0,0.0,0.0,0.0,0.0,0.15,0.0]
Total cost: 0
assigning lease 1 to address 0000078c
Average Cache Occupancy Per Bin: [0.0,0.0,0.0,0.0,0.0,0.0,0.0,0.0,0.0,0.0,0.0,0.0,0.0,0.0,0.0,0.0,0.0,0.0,0.0,0.0,0.0,0.0,0.0,0.0,0.0,0.0,0.0,0.0,0.0,0.0,0.0,0.0,0.0,0.0,0.0,0.0,0.0,0.0,0.0,0.0,0.0,0.0,0.0,0.0,0.0,0.0,0.0,0.0,0.0,0.0,0.0,0.0,0.0,0.0,0.0,0.0,0.0,0.0,0.0,0.0,0.0,0.0,0.20,0.0]
Total cost: 0
assigning lease 1 to address 00000828
Average Cache Occupancy Per Bin: [0.0,0.0,0.0,0.0,0.0,0.0,0.0,0.0,0.0,0.0,0.0,0.0,0.0,0.0,0.0,0.0,0.0,0.0,0.0,0.0,0.0,0.0,0.0,0.0,0.0,0.0,0.0,0.0,0.0,0.0,0.0,0.0,0.0,0.0,0.0,0.0,0.0,0.0,0.0,0.0,0.0,0.0,0.0,0.0,0.0,0.0,0.0,0.0,0.0,0.0,0.0,0.0,0.0,0.0,0.0,0.0,0.0,0.0,0.0,0.0,0.0,0.0,0.20,0.0]
Total cost: 0
assigning lease 1 to address 000007f0
Average Cache Occupancy Per Bin: [0.0,0.0,0.0,0.0,0.0,0.0,0.0,0.0,0.0,0.0,0.0,0.0,0.0,0.0,0.0,0.0,0.0,0.0,0.0,0.0,0.0,0.0,0.0,0.0,0.0,0.0,0.0,0.0,0.0,0.0,0.0,0.0,0.0,0.0,0.0,0.0,0.0,0.0,0.0,0.0,0.0,0.0,0.0,0.0,0.0,0.0,0.0,0.0,0.0,0.0,0.0,0.0,0.0,0.0,0.0,0.0,0.0,0.0,0.0,0.0,0.0,0.0,0.25,0.0]
Total cost: 0
assigning lease 1 to address 00000808
Average Cache Occupancy Per Bin: [0.0,0.0,0.0,0.0,0.0,0.0,0.0,0.0,0.0,0.0,0.0,0.0,0.0,0.0,0.0,0.0,0.0,0.0,0.0,0.0,0.0,0.0,0.0,0.0,0.0,0.0,0.0,0.0,0.0,0.0,0.0,0.0,0.0,0.0,0.0,0.0,0.0,0.0,0.0,0.0,0.0,0.0,0.0,0.0,0.0,0.0,0.0,0.0,0.0,0.0,0.0,0.0,0.0,0.0,0.0,0.0,0.0,0.0,0.0,0.0,0.0,0.0,0.30,0.0]
Total cost: 0
assigning lease 1 to address 000007d4
Average Cache Occupancy Per Bin: [0.0,0.0,0.0,0.0,0.0,0.0,0.0,0.0,0.0,0.0,0.0,0.0,0.0,0.0,0.0,0.0,0.0,0.0,0.0,0.0,0.0,0.0,0.0,0.0,0.0,0.0,0.0,0.0,0.0,0.0,0.0,0.0,0.0,0.0,0.0,0.0,0.0,0.0,0.0,0.0,0.0,0.0,0.0,0.0,0.0,0.0,0.0,0.0,0.0,0.0,0.0,0.0,0.0,0.0,0.0,0.0,0.0,0.0,0.0,0.0,0.0,0.0,0.35,0.0]
Total cost: 0
assigning lease 1 to address 00000818
Average Cache Occupancy Per Bin: [0.0,0.0,0.0,0.0,0.0,0.0,0.0,0.0,0.0,0.0,0.0,0.0,0.0,0.0,0.0,0.0,0.0,0.0,0.0,0.0,0.0,0.0,0.0,0.0,0.0,0.0,0.0,0.0,0.0,0.0,0.0,0.0,0.0,0.0,0.0,0.0,0.0,0.0,0.0,0.0,0.0,0.0,0.0,0.0,0.0,0.0,0.0,0.0,0.0,0.0,0.0,0.0,0.0,0.0,0.0,0.0,0.0,0.0,0.0,0.0,0.0,0.0,0.40,0.0]
Total cost: 0
assigning lease 1 to address 00000760
Average Cache Occupancy Per Bin: [0.0,0.0,0.0,0.0,0.0,0.0,0.0,0.0,0.0,0.0,0.0,0.0,0.0,0.0,0.0,0.0,0.0,0.0,0.0,0.0,0.0,0.0,0.0,0.0,0.0,0.0,0.0,0.0,0.0,0.0,0.0,0.0,0.0,0.0,0.0,0.0,0.0,0.0,0.0,0.0,0.0,0.0,0.0,0.0,0.0,0.0,0.0,0.0,0.0,0.0,0.0,0.0,0.0,0.0,0.0,0.0,0.0,0.0,0.0,0.0,0.0,0.0,0.41,0.0]
Total cost: 0
assigning lease 1 to address 000007bc
Average Cache Occupancy Per Bin: [0.0,0.0,0.0,0.0,0.0,0.0,0.0,0.0,0.0,0.0,0.0,0.0,0.0,0.0,0.0,0.0,0.0,0.0,0.0,0.0,0.0,0.0,0.0,0.0,0.0,0.0,0.0,0.0,0.0,0.0,0.0,0.0,0.0,0.0,0.0,0.0,0.0,0.0,0.0,0.0,0.0,0.0,0.0,0.0,0.0,0.0,0.0,0.0,0.0,0.0,0.0,0.0,0.0,0.0,0.0,0.0,0.0,0.0,0.0,0.0,0.0,0.0,0.46,0.0]
Total cost: 0
assigning lease 1 to address 00000794
Average Cache Occupancy Per Bin: [0.0,0.0,0.0,0.0,0.0,0.0,0.0,0.0,0.0,0.0,0.0,0.0,0.0,0.0,0.0,0.0,0.0,0.0,0.0,0.0,0.0,0.0,0.0,0.0,0.0,0.0,0.0,0.0,0.0,0.0,0.0,0.0,0.0,0.0,0.0,0.0,0.0,0.0,0.0,0.0,0.0,0.0,0.0,0.0,0.0,0.0,0.0,0.0,0.0,0.0,0.0,0.0,0.0,0.0,0.0,0.0,0.0,0.0,0.0,0.0,0.0,0.0,0.51,0.0]
Total cost: 0
assigning lease 1 to address 00000814
Average Cache Occupancy Per Bin: [0.0,0.0,0.0,0.0,0.0,0.0,0.0,0.0,0.0,0.0,0.0,0.0,0.0,0.0,0.0,0.0,0.0,0.0,0.0,0.0,0.0,0.0,0.0,0.0,0.0,0.0,0.0,0.0,0.0,0.0,0.0,0.0,0.0,0.0,0.0,0.0,0.0,0.0,0.0,0.0,0.0,0.0,0.0,0.0,0.0,0.0,0.0,0.0,0.0,0.0,0.0,0.0,0.0,0.0,0.0,0.0,0.0,0.0,0.0,0.0,0.0,0.0,0.56,0.0]
Total cost: 0
assigning lease 1 to address 0000074c
Average Cache Occupancy Per Bin: [0.0,0.0,0.0,0.0,0.0,0.0,0.0,0.0,0.0,0.0,0.0,0.0,0.0,0.0,0.0,0.0,0.0,0.0,0.0,0.0,0.0,0.0,0.0,0.0,0.0,0.0,0.0,0.0,0.0,0.0,0.0,0.0,0.0,0.0,0.0,0.0,0.0,0.0,0.0,0.0,0.0,0.0,0.0,0.0,0.0,0.0,0.0,0.0,0.0,0.0,0.0,0.0,0.0,0.0,0.0,0.0,0.0,0.0,0.0,0.0,0.0,0.0,0.56,0.0]
Total cost: 0
assigning lease 1 to address 00000848
Average Cache Occupancy Per Bin: [0.0,0.0,0.0,0.0,0.0,0.0,0.0,0.0,0.0,0.0,0.0,0.0,0.0,0.0,0.0,0.0,0.0,0.0,0.0,0.0,0.0,0.0,0.0,0.0,0.0,0.0,0.0,0.0,0.0,0.0,0.0,0.0,0.0,0.0,0.0,0.0,0.0,0.0,0.0,0.0,0.0,0.0,0.0,0.0,0.0,0.0,0.0,0.0,0.0,0.0,0.0,0.0,0.0,0.0,0.0,0.0,0.0,0.0,0.0,0.0,0.0,0.0,0.56,0.0]
Total cost: 0
assigning lease 1 to address 00000850
Average Cache Occupancy Per Bin: [0.0,0.0,0.0,0.0,0.0,0.0,0.0,0.0,0.0,0.0,0.0,0.0,0.0,0.0,0.0,0.0,0.0,0.0,0.0,0.0,0.0,0.0,0.0,0.0,0.0,0.0,0.0,0.0,0.0,0.0,0.0,0.0,0.0,0.0,0.0,0.0,0.0,0.0,0.0,0.0,0.0,0.0,0.0,0.0,0.0,0.0,0.0,0.0,0.0,0.0,0.0,0.0,0.0,0.0,0.0,0.0,0.0,0.0,0.0,0.0,0.0,0.0,0.57,0.0]
Total cost: 0
assigning lease 1 to address 00000820
Average Cache Occupancy Per Bin: [0.0,0.0,0.0,0.0,0.0,0.0,0.0,0.0,0.0,0.0,0.0,0.0,0.0,0.0,0.0,0.0,0.0,0.0,0.0,0.0,0.0,0.0,0.0,0.0,0.0,0.0,0.0,0.0,0.0,0.0,0.0,0.0,0.0,0.0,0.0,0.0,0.0,0.0,0.0,0.0,0.0,0.0,0.0,0.0,0.0,0.0,0.0,0.0,0.0,0.0,0.0,0.0,0.0,0.0,0.0,0.0,0.0,0.0,0.0,0.0,0.0,0.0,0.57,0.0]
Total cost: 0
assigning lease 1 to address 0000086c
Average Cache Occupancy Per Bin: [0.0,0.0,0.0,0.0,0.0,0.0,0.0,0.0,0.0,0.0,0.0,0.0,0.0,0.0,0.0,0.0,0.0,0.0,0.0,0.0,0.0,0.0,0.0,0.0,0.0,0.0,0.0,0.0,0.0,0.0,0.0,0.0,0.0,0.0,0.0,0.0,0.0,0.0,0.0,0.0,0.0,0.0,0.0,0.0,0.0,0.0,0.0,0.0,0.0,0.0,0.0,0.0,0.0,0.0,0.0,0.0,0.0,0.0,0.0,0.0,0.0,0.0,0.57,0.0]
Total cost: 0
assigning lease 1 to address 00000840
Average Cache Occupancy Per Bin: [0.0,0.0,0.0,0.0,0.0,0.0,0.0,0.0,0.0,0.0,0.0,0.0,0.0,0.0,0.0,0.0,0.0,0.0,0.0,0.0,0.0,0.0,0.0,0.0,0.0,0.0,0.0,0.0,0.0,0.0,0.0,0.0,0.0,0.0,0.0,0.0,0.0,0.0,0.0,0.0,0.0,0.0,0.0,0.0,0.0,0.0,0.0,0.0,0.0,0.0,0.0,0.0,0.0,0.0,0.0,0.0,0.0,0.0,0.0,0.0,0.0,0.0,0.57,0.0]
Total cost: 0
assigning lease 1 to address 00000894
Average Cache Occupancy Per Bin: [0.0,0.0,0.0,0.0,0.0,0.0,0.0,0.0,0.0,0.0,0.0,0.0,0.0,0.0,0.0,0.0,0.0,0.0,0.0,0.0,0.0,0.0,0.0,0.0,0.0,0.0,0.0,0.0,0.0,0.0,0.0,0.0,0.0,0.0,0.0,0.0,0.0,0.0,0.0,0.0,0.0,0.0,0.0,0.0,0.0,0.0,0.0,0.0,0.0,0.0,0.0,0.0,0.0,0.0,0.0,0.0,0.0,0.0,0.0,0.0,0.0,0.0,0.57,0.0]
Total cost: 0
assigning lease 1 to address 00000830
Average Cache Occupancy Per Bin: [0.0,0.0,0.0,0.0,0.0,0.0,0.0,0.0,0.0,0.0,0.0,0.0,0.0,0.0,0.0,0.0,0.0,0.0,0.0,0.0,0.0,0.0,0.0,0.0,0.0,0.0,0.0,0.0,0.0,0.0,0.0,0.0,0.0,0.0,0.0,0.0,0.0,0.0,0.0,0.0,0.0,0.0,0.0,0.0,0.0,0.0,0.0,0.0,0.0,0.0,0.0,0.0,0.0,0.0,0.0,0.0,0.0,0.0,0.0,0.0,0.0,0.0,0.57,0.0]
Total cost: 0
assigning lease 1 to address 0000089c
Average Cache Occupancy Per Bin: [0.0,0.0,0.0,0.0,0.0,0.0,0.0,0.0,0.0,0.0,0.0,0.0,0.0,0.0,0.0,0.0,0.0,0.0,0.0,0.0,0.0,0.0,0.0,0.0,0.0,0.0,0.0,0.0,0.0,0.0,0.0,0.0,0.0,0.0,0.0,0.0,0.0,0.0,0.0,0.0,0.0,0.0,0.0,0.0,0.0,0.0,0.0,0.0,0.0,0.0,0.0,0.0,0.0,0.0,0.0,0.0,0.0,0.0,0.0,0.0,0.0,0.0,0.58,0.0]
Total cost: 0
assigning lease 1 to address 000008a0
Average Cache Occupancy Per Bin: [0.0,0.0,0.0,0.0,0.0,0.0,0.0,0.0,0.0,0.0,0.0,0.0,0.0,0.0,0.0,0.0,0.0,0.0,0.0,0.0,0.0,0.0,0.0,0.0,0.0,0.0,0.0,0.0,0.0,0.0,0.0,0.0,0.0,0.0,0.0,0.0,0.0,0.0,0.0,0.0,0.0,0.0,0.0,0.0,0.0,0.0,0.0,0.0,0.0,0.0,0.0,0.0,0.0,0.0,0.0,0.0,0.0,0.0,0.0,0.0,0.0,0.0,0.58,0.0]
Total cost: 0
assigning lease 1 to address 0000082c
Average Cache Occupancy Per Bin: [0.0,0.0,0.0,0.0,0.0,0.0,0.0,0.0,0.0,0.0,0.0,0.0,0.0,0.0,0.0,0.0,0.0,0.0,0.0,0.0,0.0,0.0,0.0,0.0,0.0,0.0,0.0,0.0,0.0,0.0,0.0,0.0,0.0,0.0,0.0,0.0,0.0,0.0,0.0,0.0,0.0,0.0,0.0,0.0,0.0,0.0,0.0,0.0,0.0,0.0,0.0,0.0,0.0,0.0,0.0,0.0,0.0,0.0,0.0,0.0,0.0,0.0,0.58,0.0]
Total cost: 0
assigning lease 1 to address 000008a4
Average Cache Occupancy Per Bin: [0.0,0.0,0.0,0.0,0.0,0.0,0.0,0.0,0.0,0.0,0.0,0.0,0.0,0.0,0.0,0.0,0.0,0.0,0.0,0.0,0.0,0.0,0.0,0.0,0.0,0.0,0.0,0.0,0.0,0.0,0.0,0.0,0.0,0.0,0.0,0.0,0.0,0.0,0.0,0.0,0.0,0.0,0.0,0.0,0.0,0.0,0.0,0.0,0.0,0.0,0.0,0.0,0.0,0.0,0.0,0.0,0.0,0.0,0.0,0.0,0.0,0.0,0.58,0.0]
Total cost: 0
assigning lease 1 to address 00000744
Average Cache Occupancy Per Bin: [0.0,0.0,0.0,0.0,0.0,0.0,0.0,0.0,0.0,0.0,0.0,0.0,0.0,0.0,0.0,0.0,0.0,0.0,0.0,0.0,0.0,0.0,0.0,0.0,0.0,0.0,0.0,0.0,0.0,0.0,0.0,0.0,0.0,0.0,0.0,0.0,0.0,0.0,0.0,0.0,0.0,0.0,0.0,0.0,0.0,0.0,0.0,0.0,0.0,0.0,0.0,0.0,0.0,0.0,0.0,0.0,0.0,0.0,0.0,0.0,0.0,0.0,0.58,0.0]
Total cost: 0
assigning lease 1 to address 000008b8
Average Cache Occupancy Per Bin: [0.0,0.0,0.0,0.0,0.0,0.0,0.0,0.0,0.0,0.0,0.0,0.0,0.0,0.0,0.0,0.0,0.0,0.0,0.0,0.0,0.0,0.0,0.0,0.0,0.0,0.0,0.0,0.0,0.0,0.0,0.0,0.0,0.0,0.0,0.0,0.0,0.0,0.0,0.0,0.0,0.0,0.0,0.0,0.0,0.0,0.0,0.0,0.0,0.0,0.0,0.0,0.0,0.0,0.0,0.0,0.0,0.0,0.0,0.0,0.0,0.0,0.0,0.58,0.0]
Total cost: 0
assigning lease 1 to address 000008ac
Average Cache Occupancy Per Bin: [0.0,0.0,0.0,0.0,0.0,0.0,0.0,0.0,0.0,0.0,0.0,0.0,0.0,0.0,0.0,0.0,0.0,0.0,0.0,0.0,0.0,0.0,0.0,0.0,0.0,0.0,0.0,0.0,0.0,0.0,0.0,0.0,0.0,0.0,0.0,0.0,0.0,0.0,0.0,0.0,0.0,0.0,0.0,0.0,0.0,0.0,0.0,0.0,0.0,0.0,0.0,0.0,0.0,0.0,0.0,0.0,0.0,0.0,0.0,0.0,0.0,0.0,0.58,0.0]
Total cost: 0
assigning lease 1 to address 00000838
Average Cache Occupancy Per Bin: [0.0,0.0,0.0,0.0,0.0,0.0,0.0,0.0,0.0,0.0,0.0,0.0,0.0,0.0,0.0,0.0,0.0,0.0,0.0,0.0,0.0,0.0,0.0,0.0,0.0,0.0,0.0,0.0,0.0,0.0,0.0,0.0,0.0,0.0,0.0,0.0,0.0,0.0,0.0,0.0,0.0,0.0,0.0,0.0,0.0,0.0,0.0,0.0,0.0,0.0,0.0,0.0,0.0,0.0,0.0,0.0,0.0,0.0,0.0,0.0,0.0,0.0,0.58,0.0]
Total cost: 0
assigning lease 1 to address 000008bc
Average Cache Occupancy Per Bin: [0.0,0.0,0.0,0.0,0.0,0.0,0.0,0.0,0.0,0.0,0.0,0.0,0.0,0.0,0.0,0.0,0.0,0.0,0.0,0.0,0.0,0.0,0.0,0.0,0.0,0.0,0.0,0.0,0.0,0.0,0.0,0.0,0.0,0.0,0.0,0.0,0.0,0.0,0.0,0.0,0.0,0.0,0.0,0.0,0.0,0.0,0.0,0.0,0.0,0.0,0.0,0.0,0.0,0.0,0.0,0.0,0.0,0.0,0.0,0.0,0.0,0.0,0.58,0.0]
Total cost: 0
assigning lease 1 to address 000008d4
Average Cache Occupancy Per Bin: [0.0,0.0,0.0,0.0,0.0,0.0,0.0,0.0,0.0,0.0,0.0,0.0,0.0,0.0,0.0,0.0,0.0,0.0,0.0,0.0,0.0,0.0,0.0,0.0,0.0,0.0,0.0,0.0,0.0,0.0,0.0,0.0,0.0,0.0,0.0,0.0,0.0,0.0,0.0,0.0,0.0,0.0,0.0,0.0,0.0,0.0,0.0,0.0,0.0,0.0,0.0,0.0,0.0,0.0,0.0,0.0,0.0,0.0,0.0,0.0,0.0,0.0,0.58,0.0]
Total cost: 0
assigning lease 1 to address 000008b4
Average Cache Occupancy Per Bin: [0.0,0.0,0.0,0.0,0.0,0.0,0.0,0.0,0.0,0.0,0.0,0.0,0.0,0.0,0.0,0.0,0.0,0.0,0.0,0.0,0.0,0.0,0.0,0.0,0.0,0.0,0.0,0.0,0.0,0.0,0.0,0.0,0.0,0.0,0.0,0.0,0.0,0.0,0.0,0.0,0.0,0.0,0.0,0.0,0.0,0.0,0.0,0.0,0.0,0.0,0.0,0.0,0.0,0.0,0.0,0.0,0.0,0.0,0.0,0.0,0.0,0.0,0.58,0.0]
Total cost: 0
assigning lease 2 to address 000007f8
Average Cache Occupancy Per Bin: [0.0,0.0,0.0,0.0,0.0,0.0,0.0,0.0,0.0,0.0,0.0,0.0,0.0,0.0,0.0,0.0,0.0,0.0,0.0,0.0,0.0,0.0,0.0,0.0,0.0,0.0,0.0,0.0,0.0,0.0,0.0,0.0,0.0,0.0,0.0,0.0,0.0,0.0,0.0,0.0,0.0,0.0,0.0,0.0,0.0,0.0,0.0,0.0,0.0,0.0,0.0,0.0,0.0,0.0,0.0,0.0,0.0,0.0,0.0,0.0,0.0,0.0,0.68,0.0]
Total cost: 0
assigning lease 2 to address 000007dc
Average Cache Occupancy Per Bin: [0.0,0.0,0.0,0.0,0.0,0.0,0.0,0.0,0.0,0.0,0.0,0.0,0.0,0.0,0.0,0.0,0.0,0.0,0.0,0.0,0.0,0.0,0.0,0.0,0.0,0.0,0.0,0.0,0.0,0.0,0.0,0.0,0.0,0.0,0.0,0.0,0.0,0.0,0.0,0.0,0.0,0.0,0.0,0.0,0.0,0.0,0.0,0.0,0.0,0.0,0.0,0.0,0.0,0.0,0.0,0.0,0.0,0.0,0.0,0.0,0.0,0.0,0.78,0.0]
Total cost: 0
assigning lease 2 to address 000007a8
Average Cache Occupancy Per Bin: [0.0,0.0,0.0,0.0,0.0,0.0,0.0,0.0,0.0,0.0,0.0,0.0,0.0,0.0,0.0,0.0,0.0,0.0,0.0,0.0,0.0,0.0,0.0,0.0,0.0,0.0,0.0,0.0,0.0,0.0,0.0,0.0,0.0,0.0,0.0,0.0,0.0,0.0,0.0,0.0,0.0,0.0,0.0,0.0,0.0,0.0,0.0,0.0,0.0,0.0,0.0,0.0,0.0,0.0,0.0,0.0,0.0,0.0,0.0,0.0,0.0,0.0,0.88,0.0]
Total cost: 0
assigning lease 2 to address 00000770
Average Cache Occupancy Per Bin: [0.0,0.0,0.0,0.0,0.0,0.0,0.0,0.0,0.0,0.0,0.0,0.0,0.0,0.0,0.0,0.0,0.0,0.0,0.0,0.0,0.0,0.0,0.0,0.0,0.0,0.0,0.0,0.0,0.0,0.0,0.0,0.0,0.0,0.0,0.0,0.0,0.0,0.0,0.0,0.0,0.0,0.0,0.0,0.0,0.0,0.0,0.0,0.0,0.0,0.0,0.0,0.0,0.0,0.0,0.0,0.0,0.0,0.0,0.0,0.0,0.0,0.0,0.98,0.0]
Total cost: 0
assigning lease 2 to address 00000880
Average Cache Occupancy Per Bin: [0.0,0.0,0.0,0.0,0.0,0.0,0.0,0.0,0.0,0.0,0.0,0.0,0.0,0.0,0.0,0.0,0.0,0.0,0.0,0.0,0.0,0.0,0.0,0.0,0.0,0.0,0.0,0.0,0.0,0.0,0.0,0.0,0.0,0.0,0.0,0.0,0.0,0.0,0.0,0.0,0.0,0.0,0.0,0.0,0.0,0.0,0.0,0.0,0.0,0.0,0.0,0.0,0.0,0.0,0.0,0.0,0.0,0.0,0.0,0.0,0.0,0.0,0.99,0.0]
Total cost: 0
assigning lease 2 to address 00000754
Average Cache Occupancy Per Bin: [0.0,0.0,0.0,0.0,0.0,0.0,0.0,0.0,0.0,0.0,0.0,0.0,0.0,0.0,0.0,0.0,0.0,0.0,0.0,0.0,0.0,0.0,0.0,0.0,0.0,0.0,0.0,0.0,0.0,0.0,0.0,0.0,0.0,0.0,0.0,0.0,0.0,0.0,0.0,0.0,0.0,0.0,0.0,0.0,0.0,0.0,0.0,0.0,0.0,0.0,0.0,0.0,0.0,0.0,0.0,0.0,0.0,0.0,0.0,0.0,0.0,0.0,0.99,0.0]
Total cost: 0
assigning lease 2 to address 00000860
Average Cache Occupancy Per Bin: [0.0,0.0,0.0,0.0,0.0,0.0,0.0,0.0,0.0,0.0,0.0,0.0,0.0,0.0,0.0,0.0,0.0,0.0,0.0,0.0,0.0,0.0,0.0,0.0,0.0,0.0,0.0,0.0,0.0,0.0,0.0,0.0,0.0,0.0,0.0,0.0,0.0,0.0,0.0,0.0,0.0,0.0,0.0,0.0,0.0,0.0,0.0,0.0,0.0,0.0,0.0,0.0,0.0,0.0,0.0,0.0,0.0,0.0,0.0,0.0,0.0,0.0,0.99,0.0]
Total cost: 0
assigning lease 6 to address 0000075c
Average Cache Occupancy Per Bin: [0.00,0.00,0.0,0.0,0.0,0.0,0.0,0.0,0.0,0.0,0.0,0.0,0.0,0.0,0.0,0.0,0.0,0.0,0.0,0.0,0.0,0.0,0.0,0.0,0.0,0.0,0.0,0.0,0.0,0.0,0.0,0.0,0.0,0.0,0.0,0.0,0.0,0.0,0.0,0.0,0.0,0.0,0.0,0.0,0.0,0.0,0.0,0.0,0.0,0.0,0.0,0.0,0.0,0.0,0.0,0.0,0.0,0.0,0.0,0.0,0.0,0.0,0.99,0.0]
Total cost: 48000.0
assigning lease 11 to address 00000804
Average Cache Occupancy Per Bin: [0.19,0.17,0.0,0.0,0.0,0.0,0.0,0.0,0.0,0.0,0.0,0.0,0.0,0.0,0.0,0.0,0.0,0.0,0.0,0.0,0.0,0.0,0.0,0.0,0.0,0.0,0.0,0.0,0.0,0.0,0.0,0.0,0.0,0.0,0.0,0.0,0.0,0.0,0.0,0.0,0.0,0.0,0.0,0.0,0.0,0.0,0.0,0.0,0.0,0.0,0.0,0.0,0.0,0.0,0.0,0.0,0.0,0.0,0.0,0.0,0.0,0.0,0.99,0.0]
Total cost: 1749184.0
assigning lease 12 to address 00000778
Average Cache Occupancy Per Bin: [0.52,0.45,0.0,0.0,0.0,0.0,0.0,0.0,0.0,0.0,0.0,0.0,0.0,0.0,0.0,0.0,0.0,0.0,0.0,0.0,0.0,0.0,0.0,0.0,0.0,0.0,0.0,0.0,0.0,0.0,0.0,0.0,0.0,0.0,0.0,0.0,0.0,0.0,0.0,0.0,0.0,0.0,0.0,0.0,0.0,0.0,0.0,0.0,0.0,0.0,0.0,0.0,0.0,0.0,0.0,0.0,0.0,0.0,0.0,0.0,0.0,0.0,0.99,0.0]
Total cost: 4594624.0
assigning lease 12 to address 00000868
Average Cache Occupancy Per Bin: [0.53,0.46,0.0,0.0,0.0,0.0,0.0,0.0,0.0,0.0,0.0,0.0,0.0,0.0,0.0,0.0,0.0,0.0,0.0,0.0,0.0,0.0,0.0,0.0,0.0,0.0,0.0,0.0,0.0,0.0,0.0,0.0,0.0,0.0,0.0,0.0,0.0,0.0,0.0,0.0,0.0,0.0,0.0,0.0,0.0,0.0,0.0,0.0,0.0,0.0,0.0,0.0,0.0,0.0,0.0,0.0,0.0,0.0,0.0,0.0,0.0,0.0,0.99,0.0]
Total cost: 4684480.0
assigning lease 12 to address 00000890
Average Cache Occupancy Per Bin: [0.53,0.46,0.00,0.00,0.00,0.00,0.00,0.00,0.00,0.00,0.00,0.00,0.00,0.00,0.00,0.00,0.00,0.00,0.00,0.00,0.00,0.00,0.00,0.00,0.00,0.00,0.00,0.00,0.00,8.72,0.00,0.00,0.00,0.00,0.00,0.00,0.00,0.00,8.72,0.00,0.00,0.00,0.00,0.00,0.00,0.00,0.00,0.00,0.00,0.00,0.00,0.00,0.00,0.00,0.00,8.72,0.0,0.00,0.00,0.00,8.72,0.00,0.99,0.00]
Total cost: 4686784.0
assigning lease 19 to address 000007b8
Average Cache Occupancy Per Bin: [0.54,0.48,0.01,0.01,0.01,0.01,0.01,0.01,0.01,0.01,0.01,0.01,0.01,0.01,0.01,0.01,0.01,0.01,0.01,0.01,0.01,0.01,0.01,0.01,0.01,0.01,0.01,0.01,0.01,0.01,0.01,0.01,0.01,0.01,0.01,0.01,0.01,0.01,0.01,0.01,0.01,0.01,0.01,0.01,0.01,0.01,0.01,0.01,0.01,0.01,0.01,0.01,0.01,0.01,0.01,0.01,0.01,0.01,0.01,0.01,0.01,0.01,1.01,0.01]
Total cost: 4818112.0
assigning lease 25 to address 00000890
Average Cache Occupancy Per Bin: [0.54,0.48,0.01,0.01,0.01,0.01,0.01,0.01,0.01,0.01,0.01,0.01,0.01,0.01,0.01,0.01,0.01,0.01,0.01,0.01,0.01,0.01,0.01,0.01,0.01,0.01,0.01,0.01,0.01,0.01,0.01,0.01,0.01,0.01,0.01,0.01,0.01,0.01,0.01,0.01,0.01,0.01,0.01,0.01,0.01,0.01,0.01,0.01,0.01,0.01,0.01,0.01,0.01,0.01,0.01,0.01,0.01,0.01,0.01,0.01,0.01,0.01,1.01,0.01]
Total cost: 4818112.0
assigning lease 208 to address 00000804
Average Cache Occupancy Per Bin: [0.55,0.48,0.01,0.01,0.01,0.01,0.01,0.01,0.01,0.01,0.01,0.01,0.01,0.01,0.01,0.01,0.01,0.01,0.01,0.01,0.01,0.01,0.01,0.01,0.01,0.01,0.01,0.01,0.01,0.01,0.01,0.01,0.01,0.01,0.01,0.01,0.01,0.01,0.01,0.01,0.01,0.01,0.01,0.01,0.01,0.01,0.01,0.01,0.01,0.01,0.01,0.01,0.01,0.01,0.01,0.01,0.01,0.01,0.01,0.01,0.01,0.01,1.01,0.01]
Total cost: 4868544.0
assigning lease 561 to address 000007b8
Average Cache Occupancy Per Bin: [0.57,0.51,0.04,0.05,0.04,0.03,0.05,0.05,0.04,0.03,0.05,0.05,0.03,0.04,0.03,0.04,0.04,0.03,0.05,0.03,0.04,0.03,0.04,0.03,0.04,0.03,0.04,0.04,0.05,0.03,0.03,0.03,0.03,0.02,0.03,0.04,0.03,0.04,0.02,0.03,0.03,0.05,0.02,0.04,0.04,0.04,0.04,0.03,0.02,0.03,0.03,0.05,0.04,0.05,0.02,0.05,0.04,0.03,0.04,0.04,0.03,0.02,1.03,0.04]
Total cost: 5031104.0
assigning lease 185 to address 00000868
Average Cache Occupancy Per Bin: [0.57,0.52,0.04,0.05,0.04,0.03,0.05,0.05,0.04,0.03,0.05,0.05,0.03,0.04,0.03,0.04,0.04,0.03,0.05,0.03,0.04,0.03,0.04,0.03,0.04,0.03,0.04,0.04,0.05,0.03,0.03,0.03,0.03,0.02,0.03,0.04,0.03,0.04,0.02,0.03,0.03,0.05,0.02,0.04,0.04,0.04,0.04,0.03,0.02,0.03,0.03,0.05,0.04,0.05,0.02,0.05,0.04,0.03,0.04,0.04,0.03,0.02,1.03,0.04]
Total cost: 5075392.0
assigning lease 580 to address 000007e8
Average Cache Occupancy Per Bin: [1.10,1.04,0.54,0.57,0.53,0.58,0.50,0.56,0.58,0.61,0.61,0.53,0.57,0.53,0.61,0.56,0.61,0.59,0.55,0.56,0.60,0.54,0.50,0.56,0.60,0.57,0.56,0.57,0.63,0.52,0.51,0.55,0.56,0.52,0.55,0.55,0.60,0.60,0.55,0.54,0.50,0.55,0.59,0.51,0.61,0.55,0.58,0.54,0.55,0.56,0.53,0.57,0.58,0.59,0.53,0.56,0.20,0.03,0.04,0.04,0.03,0.02,1.03,0.04]
Total cost: 9715392.0
assigning lease 976 to address 000007e8
Average Cache Occupancy Per Bin: [1.11,1.09,0.57,0.62,0.55,0.64,0.51,0.59,0.60,0.66,0.63,0.56,0.60,0.55,0.62,0.58,0.66,0.61,0.59,0.59,0.66,0.57,0.54,0.60,0.65,0.60,0.62,0.61,0.67,0.54,0.53,0.59,0.60,0.57,0.60,0.59,0.62,0.64,0.58,0.58,0.53,0.60,0.62,0.54,0.63,0.57,0.62,0.55,0.59,0.58,0.57,0.58,0.64,0.61,0.57,0.58,0.22,0.03,0.04,0.04,0.03,0.02,1.03,0.04]
Total cost: 9842112.0
assigning lease 8136 to address 00000804
Average Cache Occupancy Per Bin: [1.34,1.09,0.57,0.62,0.55,0.64,0.51,0.59,0.60,0.66,0.63,0.56,0.60,0.55,0.62,0.58,0.66,0.61,0.59,0.59,0.66,0.57,0.54,0.60,0.65,0.60,0.62,0.61,0.67,0.54,0.53,0.59,0.60,0.57,0.60,0.59,0.62,0.64,0.58,0.58,0.53,0.60,0.62,0.54,0.63,0.57,0.62,0.55,0.59,0.58,0.57,0.58,0.64,0.61,0.57,0.58,0.22,0.03,0.04,0.04,0.03,0.02,1.03,0.04]
Total cost: 11871680.0
assigning lease 16037 to address 000007e8
Average Cache Occupancy Per Bin: [1.64,1.59,1.16,0.95,0.97,1.20,0.68,0.87,0.89,1.05,1.04,0.79,1.13,0.72,0.79,0.87,1.39,1.08,0.87,1.18,1.22,1.16,0.93,1.31,0.99,1.19,1.12,1.31,1.06,0.83,0.76,0.98,1.30,1.13,1.66,0.93,1.09,1.03,1.29,0.80,1.12,1.05,1.09,0.87,1.10,0.98,1.13,0.72,1.10,0.93,0.96,0.82,1.26,1.09,0.85,0.87,1.21,0.03,0.04,0.04,0.03,0.02,1.03,0.04]
Total cost: 14461760.0
assigning lease 9297 to address 00000868
Average Cache Occupancy Per Bin: [1.64,1.99,1.16,0.95,0.97,1.20,0.68,0.87,0.89,1.05,1.04,0.79,1.13,0.72,0.79,0.87,1.39,1.08,0.87,1.18,1.22,1.16,0.93,1.31,0.99,1.19,1.12,1.31,1.06,0.83,0.76,0.98,1.30,1.13,1.66,0.93,1.09,1.03,1.29,0.80,1.12,1.05,1.09,0.87,1.10,0.98,1.13,0.72,1.10,0.93,0.96,0.82,1.26,1.09,0.85,0.87,1.21,0.03,0.04,0.04,0.03,0.02,1.03,0.04]
Total cost: 14461760.0
Final saturation:
	0,1.643620890311318
	1,1.9952065755018913
	2,1.163012801862089
	3,0.9577538551061973
	4,0.9700756473668898
	5,1.2012147221414025
	6,0.6884855979051498
	7,0.8744035496072156
	8,0.8986470759383183
	9,1.0525021821355833
	10,1.0488943846377654
	11,0.7936645330229851
	12,1.133597614198429
	13,0.7276985743380855
	14,0.7970686645330229
	15,0.8748690718649985
	16,1.394551934826884
	17,1.0842668024439919
	18,0.8748690718649985
	19,1.1867035205120744
	20,1.2234361361652604
	21,1.1607652022112307
	22,0.9377145766656968
	23,1.3103505964503928
	24,0.9935845213849287
	25,1.1959121326738436
	26,1.1256109979633402
	27,1.3187372708757636
	28,1.0684608670352052
	29,0.8375327320337503
	30,0.7655222577829502
	31,0.9854524294442828
	32,1.3089176607506547
	33,1.1391111434390457
	34,1.6662641838812917
	35,0.9335757928425953
	36,1.099221704975269
	37,1.0326229269711957
	38,1.2936354378818737
	39,0.807768402676753
	40,1.12150130928135
	41,1.0523930753564155
	42,1.0938900203665989
	43,0.8764038405586267
	44,1.108284841431481
	45,0.9877218504509747
	46,1.1329866162350888
	47,0.7273494326447483
	48,1.1011492580739017
	49,0.9362889147512365
	50,0.9695373872563282
	51,0.8228105906313645
	52,1.262969159150422
	53,1.0904131510037824
	54,0.8553098632528368
	55,0.8752109397730579
	56,1.2136965376782078
	57,0.030302589467558916
	58,0.0475923770730288
	59,0.04895984870526622
	60,0.03482688391038696
	61,0.020875763747454174
	62,1.036528949665406
	63,0.0429371544951993
Dump single leases (last one may be dual)
0000073c 1
000007f8 2
000007b8 231
00000778 c
00000768 1
00000810 1
0000077c 1
0000078c 1
00000804 1fc8
000007dc 2
000007a8 2
00000828 1
00000770 2
000007f0 1
00000808 1
000007d4 1
00000818 1
000007e8 3ea5
00000760 1
000007bc 1
00000794 1
00000814 1
0000075c 6
0000074c 1
00000848 1
00000890 19
00000880 2
00000850 1
00000754 2
00000820 1
00000868 2451
0000086c 1
00000840 1
00000894 1
00000830 1
0000089c 1
000008a0 1
0000082c 1
000008a4 1
00000860 2
00000744 1
000008b8 1
000008ac 1
00000838 1
000008bc 1
000008d4 1
000008b4 1
Dump dual leases

