sample rate: 0.015625
len(carl_order):
36
Printing carl assignment order:
000006ec,1,1.0
00000744,1,1.0
0000079c,1,1.0
00000794,1,1.0
000006f8,1,1.0
00000768,1,1.0
0000071c,1,1.0
00000738,1,1.0
00000798,1,1.0
00000710,1,1.0
0000075c,1,1.0
0000078c,1,1.0
000007a4,1,1.0
000007ac,1,1.0
000007b4,1,1.0
000006e4,1,1.0
000007b0,1,1.0
000007c4,1,1.0
000006dc,1,1.0
000007cc,1,1.0
000007c8,1,1.0
000007bc,1,1.0
00000700,2,0.5
00000724,2,0.5
0000074c,2,0.5
0000077c,2,0.5
00000758,4,0.25
00000788,16,0.06138951014054613
0000070c,20,0.05245730301269193
00000730,20,0.046896214449049595
00000788,23,0.008932720607218465
00000730,3547,0.0003008943015752782
0000070c,1231,3.6393147898113743e-06
00000730,627322,2.5085306766544093e-06
0000070c,648815,1.55886986156401e-06
00000788,648963,1.5372478825475955e-06
TRACE LENGTH: 115724416.0
assigning lease 1 to address 000006ec
Average Cache Occupancy Per Bin: [0.0,0.0,0.0,0.0,0.0,0.0,0.0,0.0,0.0,0.0,0.0,0.0,0.0,0.0,0.0,0.0,0.0,0.0,0.0,0.0,0.0,0.0,0.0,0.0,0.0,0.0,0.0,0.0,0.0,0.0,0.0,0.0,0.0,0.0,0.0,0.0,0.0,0.0,0.0,0.0,0.0,0.0,0.0,0.0,0.0,0.0,0.0,0.0,0.0,0.0,0.0,0.0,0.0,0.0,0.0,0.0,0.0,0.0,0.0,0.0,0.0,0.0,0.04,0.0]
Total cost: 0
assigning lease 1 to address 00000744
Average Cache Occupancy Per Bin: [0.0,0.0,0.0,0.0,0.0,0.0,0.0,0.0,0.0,0.0,0.0,0.0,0.0,0.0,0.0,0.0,0.0,0.0,0.0,0.0,0.0,0.0,0.0,0.0,0.0,0.0,0.0,0.0,0.0,0.0,0.0,0.0,0.0,0.0,0.0,0.0,0.0,0.0,0.0,0.0,0.0,0.0,0.0,0.0,0.0,0.0,0.0,0.0,0.0,0.0,0.0,0.0,0.0,0.0,0.0,0.0,0.0,0.0,0.0,0.0,0.0,0.0,0.09,0.0]
Total cost: 0
assigning lease 1 to address 0000079c
Average Cache Occupancy Per Bin: [0.0,0.0,0.0,0.0,0.0,0.0,0.0,0.0,0.0,0.0,0.0,0.0,0.0,0.0,0.0,0.0,0.0,0.0,0.0,0.0,0.0,0.0,0.0,0.0,0.0,0.0,0.0,0.0,0.0,0.0,0.0,0.0,0.0,0.0,0.0,0.0,0.0,0.0,0.0,0.0,0.0,0.0,0.0,0.0,0.0,0.0,0.0,0.0,0.0,0.0,0.0,0.0,0.0,0.0,0.0,0.0,0.0,0.0,0.0,0.0,0.0,0.0,0.14,0.0]
Total cost: 0
assigning lease 1 to address 00000794
Average Cache Occupancy Per Bin: [0.0,0.0,0.0,0.0,0.0,0.0,0.0,0.0,0.0,0.0,0.0,0.0,0.0,0.0,0.0,0.0,0.0,0.0,0.0,0.0,0.0,0.0,0.0,0.0,0.0,0.0,0.0,0.0,0.0,0.0,0.0,0.0,0.0,0.0,0.0,0.0,0.0,0.0,0.0,0.0,0.0,0.0,0.0,0.0,0.0,0.0,0.0,0.0,0.0,0.0,0.0,0.0,0.0,0.0,0.0,0.0,0.0,0.0,0.0,0.0,0.0,0.0,0.19,0.0]
Total cost: 0
assigning lease 1 to address 000006f8
Average Cache Occupancy Per Bin: [0.0,0.0,0.0,0.0,0.0,0.0,0.0,0.0,0.0,0.0,0.0,0.0,0.0,0.0,0.0,0.0,0.0,0.0,0.0,0.0,0.0,0.0,0.0,0.0,0.0,0.0,0.0,0.0,0.0,0.0,0.0,0.0,0.0,0.0,0.0,0.0,0.0,0.0,0.0,0.0,0.0,0.0,0.0,0.0,0.0,0.0,0.0,0.0,0.0,0.0,0.0,0.0,0.0,0.0,0.0,0.0,0.0,0.0,0.0,0.0,0.0,0.0,0.24,0.0]
Total cost: 0
assigning lease 1 to address 00000768
Average Cache Occupancy Per Bin: [0.0,0.0,0.0,0.0,0.0,0.0,0.0,0.0,0.0,0.0,0.0,0.0,0.0,0.0,0.0,0.0,0.0,0.0,0.0,0.0,0.0,0.0,0.0,0.0,0.0,0.0,0.0,0.0,0.0,0.0,0.0,0.0,0.0,0.0,0.0,0.0,0.0,0.0,0.0,0.0,0.0,0.0,0.0,0.0,0.0,0.0,0.0,0.0,0.0,0.0,0.0,0.0,0.0,0.0,0.0,0.0,0.0,0.0,0.0,0.0,0.0,0.0,0.29,0.0]
Total cost: 0
assigning lease 1 to address 0000071c
Average Cache Occupancy Per Bin: [0.0,0.0,0.0,0.0,0.0,0.0,0.0,0.0,0.0,0.0,0.0,0.0,0.0,0.0,0.0,0.0,0.0,0.0,0.0,0.0,0.0,0.0,0.0,0.0,0.0,0.0,0.0,0.0,0.0,0.0,0.0,0.0,0.0,0.0,0.0,0.0,0.0,0.0,0.0,0.0,0.0,0.0,0.0,0.0,0.0,0.0,0.0,0.0,0.0,0.0,0.0,0.0,0.0,0.0,0.0,0.0,0.0,0.0,0.0,0.0,0.0,0.0,0.34,0.0]
Total cost: 0
assigning lease 1 to address 00000738
Average Cache Occupancy Per Bin: [0.0,0.0,0.0,0.0,0.0,0.0,0.0,0.0,0.0,0.0,0.0,0.0,0.0,0.0,0.0,0.0,0.0,0.0,0.0,0.0,0.0,0.0,0.0,0.0,0.0,0.0,0.0,0.0,0.0,0.0,0.0,0.0,0.0,0.0,0.0,0.0,0.0,0.0,0.0,0.0,0.0,0.0,0.0,0.0,0.0,0.0,0.0,0.0,0.0,0.0,0.0,0.0,0.0,0.0,0.0,0.0,0.0,0.0,0.0,0.0,0.0,0.0,0.39,0.0]
Total cost: 0
assigning lease 1 to address 00000798
Average Cache Occupancy Per Bin: [0.0,0.0,0.0,0.0,0.0,0.0,0.0,0.0,0.0,0.0,0.0,0.0,0.0,0.0,0.0,0.0,0.0,0.0,0.0,0.0,0.0,0.0,0.0,0.0,0.0,0.0,0.0,0.0,0.0,0.0,0.0,0.0,0.0,0.0,0.0,0.0,0.0,0.0,0.0,0.0,0.0,0.0,0.0,0.0,0.0,0.0,0.0,0.0,0.0,0.0,0.0,0.0,0.0,0.0,0.0,0.0,0.0,0.0,0.0,0.0,0.0,0.0,0.45,0.0]
Total cost: 0
assigning lease 1 to address 00000710
Average Cache Occupancy Per Bin: [0.0,0.0,0.0,0.0,0.0,0.0,0.0,0.0,0.0,0.0,0.0,0.0,0.0,0.0,0.0,0.0,0.0,0.0,0.0,0.0,0.0,0.0,0.0,0.0,0.0,0.0,0.0,0.0,0.0,0.0,0.0,0.0,0.0,0.0,0.0,0.0,0.0,0.0,0.0,0.0,0.0,0.0,0.0,0.0,0.0,0.0,0.0,0.0,0.0,0.0,0.0,0.0,0.0,0.0,0.0,0.0,0.0,0.0,0.0,0.0,0.0,0.0,0.50,0.0]
Total cost: 0
assigning lease 1 to address 0000075c
Average Cache Occupancy Per Bin: [0.0,0.0,0.0,0.0,0.0,0.0,0.0,0.0,0.0,0.0,0.0,0.0,0.0,0.0,0.0,0.0,0.0,0.0,0.0,0.0,0.0,0.0,0.0,0.0,0.0,0.0,0.0,0.0,0.0,0.0,0.0,0.0,0.0,0.0,0.0,0.0,0.0,0.0,0.0,0.0,0.0,0.0,0.0,0.0,0.0,0.0,0.0,0.0,0.0,0.0,0.0,0.0,0.0,0.0,0.0,0.0,0.0,0.0,0.0,0.0,0.0,0.0,0.54,0.0]
Total cost: 0
assigning lease 1 to address 0000078c
Average Cache Occupancy Per Bin: [0.0,0.0,0.0,0.0,0.0,0.0,0.0,0.0,0.0,0.0,0.0,0.0,0.0,0.0,0.0,0.0,0.0,0.0,0.0,0.0,0.0,0.0,0.0,0.0,0.0,0.0,0.0,0.0,0.0,0.0,0.0,0.0,0.0,0.0,0.0,0.0,0.0,0.0,0.0,0.0,0.0,0.0,0.0,0.0,0.0,0.0,0.0,0.0,0.0,0.0,0.0,0.0,0.0,0.0,0.0,0.0,0.0,0.0,0.0,0.0,0.0,0.0,0.59,0.0]
Total cost: 0
assigning lease 1 to address 000007a4
Average Cache Occupancy Per Bin: [0.0,0.0,0.0,0.0,0.0,0.0,0.0,0.0,0.0,0.0,0.0,0.0,0.0,0.0,0.0,0.0,0.0,0.0,0.0,0.0,0.0,0.0,0.0,0.0,0.0,0.0,0.0,0.0,0.0,0.0,0.0,0.0,0.0,0.0,0.0,0.0,0.0,0.0,0.0,0.0,0.0,0.0,0.0,0.0,0.0,0.0,0.0,0.0,0.0,0.0,0.0,0.0,0.0,0.0,0.0,0.0,0.0,0.0,0.0,0.0,0.0,0.0,0.60,0.0]
Total cost: 0
assigning lease 1 to address 000007ac
Average Cache Occupancy Per Bin: [0.0,0.0,0.0,0.0,0.0,0.0,0.0,0.0,0.0,0.0,0.0,0.0,0.0,0.0,0.0,0.0,0.0,0.0,0.0,0.0,0.0,0.0,0.0,0.0,0.0,0.0,0.0,0.0,0.0,0.0,0.0,0.0,0.0,0.0,0.0,0.0,0.0,0.0,0.0,0.0,0.0,0.0,0.0,0.0,0.0,0.0,0.0,0.0,0.0,0.0,0.0,0.0,0.0,0.0,0.0,0.0,0.0,0.0,0.0,0.0,0.0,0.0,0.60,0.0]
Total cost: 0
assigning lease 1 to address 000007b4
Average Cache Occupancy Per Bin: [0.0,0.0,0.0,0.0,0.0,0.0,0.0,0.0,0.0,0.0,0.0,0.0,0.0,0.0,0.0,0.0,0.0,0.0,0.0,0.0,0.0,0.0,0.0,0.0,0.0,0.0,0.0,0.0,0.0,0.0,0.0,0.0,0.0,0.0,0.0,0.0,0.0,0.0,0.0,0.0,0.0,0.0,0.0,0.0,0.0,0.0,0.0,0.0,0.0,0.0,0.0,0.0,0.0,0.0,0.0,0.0,0.0,0.0,0.0,0.0,0.0,0.0,0.60,0.0]
Total cost: 0
assigning lease 1 to address 000006e4
Average Cache Occupancy Per Bin: [0.0,0.0,0.0,0.0,0.0,0.0,0.0,0.0,0.0,0.0,0.0,0.0,0.0,0.0,0.0,0.0,0.0,0.0,0.0,0.0,0.0,0.0,0.0,0.0,0.0,0.0,0.0,0.0,0.0,0.0,0.0,0.0,0.0,0.0,0.0,0.0,0.0,0.0,0.0,0.0,0.0,0.0,0.0,0.0,0.0,0.0,0.0,0.0,0.0,0.0,0.0,0.0,0.0,0.0,0.0,0.0,0.0,0.0,0.0,0.0,0.0,0.0,0.60,0.0]
Total cost: 0
assigning lease 1 to address 000007b0
Average Cache Occupancy Per Bin: [0.0,0.0,0.0,0.0,0.0,0.0,0.0,0.0,0.0,0.0,0.0,0.0,0.0,0.0,0.0,0.0,0.0,0.0,0.0,0.0,0.0,0.0,0.0,0.0,0.0,0.0,0.0,0.0,0.0,0.0,0.0,0.0,0.0,0.0,0.0,0.0,0.0,0.0,0.0,0.0,0.0,0.0,0.0,0.0,0.0,0.0,0.0,0.0,0.0,0.0,0.0,0.0,0.0,0.0,0.0,0.0,0.0,0.0,0.0,0.0,0.0,0.0,0.60,0.0]
Total cost: 0
assigning lease 1 to address 000007c4
Average Cache Occupancy Per Bin: [0.0,0.0,0.0,0.0,0.0,0.0,0.0,0.0,0.0,0.0,0.0,0.0,0.0,0.0,0.0,0.0,0.0,0.0,0.0,0.0,0.0,0.0,0.0,0.0,0.0,0.0,0.0,0.0,0.0,0.0,0.0,0.0,0.0,0.0,0.0,0.0,0.0,0.0,0.0,0.0,0.0,0.0,0.0,0.0,0.0,0.0,0.0,0.0,0.0,0.0,0.0,0.0,0.0,0.0,0.0,0.0,0.0,0.0,0.0,0.0,0.0,0.0,0.60,0.0]
Total cost: 0
assigning lease 1 to address 000006dc
Average Cache Occupancy Per Bin: [0.0,0.0,0.0,0.0,0.0,0.0,0.0,0.0,0.0,0.0,0.0,0.0,0.0,0.0,0.0,0.0,0.0,0.0,0.0,0.0,0.0,0.0,0.0,0.0,0.0,0.0,0.0,0.0,0.0,0.0,0.0,0.0,0.0,0.0,0.0,0.0,0.0,0.0,0.0,0.0,0.0,0.0,0.0,0.0,0.0,0.0,0.0,0.0,0.0,0.0,0.0,0.0,0.0,0.0,0.0,0.0,0.0,0.0,0.0,0.0,0.0,0.0,0.60,0.0]
Total cost: 0
assigning lease 1 to address 000007cc
Average Cache Occupancy Per Bin: [0.0,0.0,0.0,0.0,0.0,0.0,0.0,0.0,0.0,0.0,0.0,0.0,0.0,0.0,0.0,0.0,0.0,0.0,0.0,0.0,0.0,0.0,0.0,0.0,0.0,0.0,0.0,0.0,0.0,0.0,0.0,0.0,0.0,0.0,0.0,0.0,0.0,0.0,0.0,0.0,0.0,0.0,0.0,0.0,0.0,0.0,0.0,0.0,0.0,0.0,0.0,0.0,0.0,0.0,0.0,0.0,0.0,0.0,0.0,0.0,0.0,0.0,0.60,0.0]
Total cost: 0
assigning lease 1 to address 000007c8
Average Cache Occupancy Per Bin: [0.0,0.0,0.0,0.0,0.0,0.0,0.0,0.0,0.0,0.0,0.0,0.0,0.0,0.0,0.0,0.0,0.0,0.0,0.0,0.0,0.0,0.0,0.0,0.0,0.0,0.0,0.0,0.0,0.0,0.0,0.0,0.0,0.0,0.0,0.0,0.0,0.0,0.0,0.0,0.0,0.0,0.0,0.0,0.0,0.0,0.0,0.0,0.0,0.0,0.0,0.0,0.0,0.0,0.0,0.0,0.0,0.0,0.0,0.0,0.0,0.0,0.0,0.60,0.0]
Total cost: 0
assigning lease 1 to address 000007bc
Average Cache Occupancy Per Bin: [0.0,0.0,0.0,0.0,0.0,0.0,0.0,0.0,0.0,0.0,0.0,0.0,0.0,0.0,0.0,0.0,0.0,0.0,0.0,0.0,0.0,0.0,0.0,0.0,0.0,0.0,0.0,0.0,0.0,0.0,0.0,0.0,0.0,0.0,0.0,0.0,0.0,0.0,0.0,0.0,0.0,0.0,0.0,0.0,0.0,0.0,0.0,0.0,0.0,0.0,0.0,0.0,0.0,0.0,0.0,0.0,0.0,0.0,0.0,0.0,0.0,0.0,0.60,0.0]
Total cost: 0
assigning lease 2 to address 00000700
Average Cache Occupancy Per Bin: [0.0,0.0,0.0,0.0,0.0,0.0,0.0,0.0,0.0,0.0,0.0,0.0,0.0,0.0,0.0,0.0,0.0,0.0,0.0,0.0,0.0,0.0,0.0,0.0,0.0,0.0,0.0,0.0,0.0,0.0,0.0,0.0,0.0,0.0,0.0,0.0,0.0,0.0,0.0,0.0,0.0,0.0,0.0,0.0,0.0,0.0,0.0,0.0,0.0,0.0,0.0,0.0,0.0,0.0,0.0,0.0,0.0,0.0,0.0,0.0,0.0,0.0,0.70,0.0]
Total cost: 0
assigning lease 2 to address 00000724
Average Cache Occupancy Per Bin: [0.0,0.0,0.0,0.0,0.0,0.0,0.0,0.0,0.0,0.0,0.0,0.0,0.0,0.0,0.0,0.0,0.0,0.0,0.0,0.0,0.0,0.0,0.0,0.0,0.0,0.0,0.0,0.0,0.0,0.0,0.0,0.0,0.0,0.0,0.0,0.0,0.0,0.0,0.0,0.0,0.0,0.0,0.0,0.0,0.0,0.0,0.0,0.0,0.0,0.0,0.0,0.0,0.0,0.0,0.0,0.0,0.0,0.0,0.0,0.0,0.0,0.0,0.80,0.0]
Total cost: 0
assigning lease 2 to address 0000074c
Average Cache Occupancy Per Bin: [0.0,0.0,0.0,0.0,0.0,0.0,0.0,0.0,0.0,0.0,0.0,0.0,0.0,0.0,0.0,0.0,0.0,0.0,0.0,0.0,0.0,0.0,0.0,0.0,0.0,0.0,0.0,0.0,0.0,0.0,0.0,0.0,0.0,0.0,0.0,0.0,0.0,0.0,0.0,0.0,0.0,0.0,0.0,0.0,0.0,0.0,0.0,0.0,0.0,0.0,0.0,0.0,0.0,0.0,0.0,0.0,0.0,0.0,0.0,0.0,0.0,0.0,0.90,0.0]
Total cost: 0
assigning lease 2 to address 0000077c
Average Cache Occupancy Per Bin: [0.0,0.0,0.0,0.0,0.0,0.0,0.0,0.0,0.0,0.0,0.0,0.0,0.0,0.0,0.0,0.0,0.0,0.0,0.0,0.0,0.0,0.0,0.0,0.0,0.0,0.0,0.0,0.0,0.0,0.0,0.0,0.0,0.0,0.0,0.0,0.0,0.0,0.0,0.0,0.0,0.0,0.0,0.0,0.0,0.0,0.0,0.0,0.0,0.0,0.0,0.0,0.0,0.0,0.0,0.0,0.0,0.0,0.0,0.0,0.0,0.0,0.0,1.00,0.0]
Total cost: 0
assigning lease 4 to address 00000758
Average Cache Occupancy Per Bin: [0.00,0.00,0.00,0.00,0.00,0.00,0.00,0.00,0.00,0.00,0.00,0.00,0.00,0.00,0.00,0.00,0.00,0.00,0.00,0.00,0.00,0.00,0.00,0.00,0.00,0.00,0.00,0.00,0.00,0.00,0.00,0.00,0.00,0.00,0.00,0.00,0.00,0.00,0.00,0.00,0.00,0.00,0.00,0.00,0.00,0.00,0.00,0.00,0.00,0.00,0.00,0.00,0.00,0.00,0.00,0.00,0.00,0.00,0.00,0.00,0.00,0.00,1.00,0.00]
Total cost: 356864.0
assigning lease 16 to address 00000788
Average Cache Occupancy Per Bin: [0.01,0.01,0.01,0.01,0.01,0.01,0.01,0.01,0.01,0.01,0.01,0.01,0.01,0.01,0.01,0.01,0.01,0.01,0.01,0.01,0.01,0.01,0.01,0.01,0.01,0.01,0.01,0.01,0.01,0.01,0.01,0.01,0.01,0.01,0.01,0.01,0.01,0.01,0.01,0.01,0.01,0.01,0.01,0.01,0.01,0.01,0.01,0.01,0.01,0.01,0.01,0.01,0.01,0.01,0.01,0.01,0.01,0.01,0.01,0.01,0.01,0.01,1.01,0.01]
Total cost: 1762432.0
assigning lease 20 to address 0000070c
Average Cache Occupancy Per Bin: [0.02,0.03,0.03,0.02,0.03,0.03,0.02,0.02,0.03,0.03,0.02,0.03,0.03,0.02,0.03,0.03,0.02,0.02,0.03,0.03,0.02,0.03,0.03,0.02,0.02,0.03,0.03,0.02,0.03,0.03,0.02,0.03,0.03,0.02,0.03,0.03,0.02,0.02,0.03,0.03,0.02,0.02,0.03,0.02,0.02,0.02,0.02,0.02,0.02,0.02,0.02,0.02,0.02,0.02,0.02,0.03,0.02,0.02,0.02,0.02,0.02,0.02,1.03,0.02]
Total cost: 3400064.0
assigning lease 20 to address 00000730
Average Cache Occupancy Per Bin: [0.04,0.04,0.04,0.04,0.04,0.04,0.04,0.04,0.04,0.04,0.04,0.04,0.04,0.04,0.04,0.04,0.04,0.04,0.04,0.04,0.04,0.04,0.04,0.04,0.04,0.04,0.04,0.04,0.04,0.04,0.04,0.04,0.04,0.04,0.04,0.04,0.04,0.04,0.04,0.04,0.04,0.04,0.04,0.04,0.04,0.04,0.04,0.04,0.04,0.04,0.04,0.04,0.04,0.04,0.04,0.04,0.04,0.04,0.04,0.04,0.04,0.04,1.04,0.04]
Total cost: 5216128.0
assigning lease 23 to address 00000788
Average Cache Occupancy Per Bin: [0.04,0.04,0.04,0.04,0.04,0.04,0.04,0.04,0.04,0.04,0.04,0.04,0.04,0.04,0.04,0.04,0.04,0.04,0.04,0.04,0.04,0.04,0.04,0.04,0.04,0.04,0.04,0.04,0.04,0.04,0.04,0.04,0.04,0.04,0.04,0.04,0.04,0.04,0.04,0.04,0.04,0.04,0.04,0.04,0.04,0.04,0.04,0.04,0.04,0.04,0.04,0.04,0.04,0.04,0.04,0.04,0.04,0.04,0.04,0.04,0.04,0.04,1.04,0.04]
Total cost: 5261376.0
assigning lease 3547 to address 00000730
Average Cache Occupancy Per Bin: [0.19,0.21,0.20,0.24,0.26,0.22,0.18,0.23,0.19,0.21,0.22,0.24,0.21,0.21,0.20,0.22,0.19,0.20,0.22,0.22,0.21,0.20,0.23,0.18,0.19,0.23,0.22,0.20,0.23,0.18,0.18,0.23,0.22,0.21,0.23,0.22,0.21,0.21,0.18,0.23,0.19,0.25,0.22,0.17,0.17,0.23,0.20,0.20,0.25,0.21,0.17,0.17,0.24,0.19,0.21,0.25,0.20,0.17,0.23,0.19,0.21,0.23,1.25,0.21]
Total cost: 22768000.0
assigning lease 1231 to address 0000070c
Average Cache Occupancy Per Bin: [0.20,0.22,0.21,0.25,0.27,0.23,0.19,0.23,0.19,0.21,0.23,0.25,0.21,0.22,0.20,0.23,0.20,0.20,0.23,0.23,0.21,0.20,0.23,0.19,0.20,0.23,0.23,0.20,0.23,0.18,0.18,0.23,0.22,0.22,0.23,0.22,0.21,0.21,0.18,0.23,0.20,0.26,0.23,0.18,0.18,0.24,0.20,0.21,0.25,0.22,0.17,0.18,0.24,0.20,0.21,0.25,0.20,0.17,0.24,0.20,0.21,0.23,1.25,0.22]
Total cost: 23543040.0
assigning lease 627322 to address 00000730
Average Cache Occupancy Per Bin: [0.20,0.31,0.21,0.42,0.27,0.23,0.19,0.23,0.19,0.50,0.23,0.25,0.21,0.55,0.20,0.48,0.20,0.78,0.23,0.75,0.21,0.20,0.77,0.37,0.20,0.23,0.57,0.20,0.23,0.18,0.18,0.23,0.22,0.22,0.23,0.56,0.27,0.48,0.18,0.23,0.20,0.26,0.23,0.18,0.18,0.51,0.46,0.21,0.25,0.22,0.17,0.38,0.24,0.20,0.21,0.28,0.37,0.68,0.33,0.41,0.48,0.42,1.47,0.45]
Total cost: 23543040.0
addr: 0000070c ri: 648815
bin target: 231448832.0
num_full_bins: 0
printing bin ranks sorted:
	selecting this^ bin
acceptable_ratio: 0.2922617536700902
Assigning 0000070c dual lease lease 648815 * 0.2922617536700902. Bin saturation: [1.22,1.40,1.57,1.46,1.00,1.48,1.44,0.44,1.09,1.12,0.43,1.19,0.42,1.28,0.62,1.52,1.03,1.30,1.17,2.0,0.94,0.52,1.39,1.10,0.72,0.55,1.72,0.72,0.69,0.49,0.70,0.96,1.05,0.95,0.65,1.39,1.11,1.00,0.39,0.75,1.03,0.88,1.17,1.01,0.59,1.76,1.40,1.25,0.66,1.26,1.32,1.11,1.28,0.82,0.52,0.91,0.89,1.47,0.74,1.35,1.32,0.94,1.99,1.60]
addr: 00000788 ri: 648963
bin target: 231448832.0
num_full_bins: 1
printing bin ranks sorted:
acceptable_ratio: 0
Final saturation:
	0,1.2253427812360291
	1,1.4004357977346595
	2,1.5709865258168247
	3,1.464287796128135
	4,1.000071705793356
	5,1.4807052929711828
	6,1.4449677736816908
	7,0.4460282920120426
	8,1.098473124143919
	9,1.1293707325836162
	10,0.4394758977446133
	11,1.191836476898444
	12,0.42708571588191796
	13,1.2844422647038656
	14,0.6253755752385234
	15,1.525874108216329
	16,1.036251489489343
	17,1.3076214187283326
	18,1.1729126224890167
	19,2.0
	20,0.9450788383671673
	21,0.5204720965613396
	22,1.3979029701015262
	23,1.1071048877740155
	24,0.7239954361180595
	25,0.5522746296086083
	26,1.7213629997419129
	27,0.7258127189981044
	28,0.6929807206013431
	29,0.49860939820043365
	30,0.704646848521817
	31,0.9649185237106648
	32,1.059336905833751
	33,0.9531775268928454
	34,0.6555570712505664
	35,1.3970368919406286
	36,1.112344128795601
	37,1.0057107830332688
	38,0.3964097223231707
	39,0.7570770634213245
	40,1.0354133771967275
	41,0.8875351666468082
	42,1.1719160480064115
	43,1.0167977756298017
	44,0.5982689705268608
	45,1.7631275341096562
	46,1.4042085013854062
	47,1.256856914898934
	48,0.6699012179516394
	49,1.2655993949506412
	50,1.325316031972777
	51,1.1150771903139165
	52,1.2883453917179888
	53,0.8279758943671254
	54,0.5292510218315264
	55,0.914981099736597
	56,0.8937703607113276
	57,1.4751264932393797
	58,0.7480858596438472
	59,1.3553659433163172
	60,1.3224171358061017
	61,0.9485328183033399
	62,1.9990721148372677
	63,1.605158638972987
Dump single leases (last one may be dual)
0000070c 9e66f percentage 0.2922617536700902
0000070c 4cf percentage 0.7077382463299098
00000700 2
00000730 9927a
000006ec 1
00000758 4
00000744 1
00000724 2
0000079c 1
00000794 1
000006f8 1
00000768 1
0000071c 1
00000788 17
00000738 1
0000074c 2
00000798 1
0000077c 2
00000710 1
0000075c 1
0000078c 1
000007a4 1
000007ac 1
000007b4 1
000006e4 1
000007b0 1
000007c4 1
000006dc 1
000007cc 1
000007c8 1
000007bc 1
Dump dual leases

