sample rate: 0.015625
len(carl_order):
45
Printing carl assignment order:
000007bc,1,1.0
000007f0,1,1.0
00000838,1,1.0
00000848,1,1.0
00000840,1,1.0
000007c4,1,1.0
00000844,1,1.0
00000808,1,1.0
000007d8,1,1.0
00000820,1,1.0
00000860,1,1.0
00000858,1,1.0
000008f4,1,1.0
00000878,1,1.0
000008f8,1,1.0
000008d4,1,1.0
000008bc,1,1.0
000008ec,1,1.0
000008fc,1,1.0
000008a4,1,1.0
0000088c,1,1.0
00000904,1,1.0
00000914,1,1.0
00000870,1,1.0
00000910,1,1.0
0000090c,1,1.0
000007f8,2,0.5
000007cc,2,0.5
00000810,2,0.5
00000828,2,0.5
00000880,2,0.5
000008dc,2,0.5
000008ac,2,0.5
000008c4,2,0.5
00000834,7,0.14230343300110743
000008e8,14,0.14228341939185313
000007d4,10,0.1
00000888,10,0.1
00000804,17,0.055299539170506916
000008cc,17,0.054061624649859946
00000818,17,0.05377302436125966
00000818,1928,0.0005558643690939411
000008cc,1928,0.0005558643690939411
000008b8,2047,0.0004688037399146952
00000804,442298,4.270787648225077e-06
TRACE LENGTH: 485824.0
assigning lease 1 to address 000007bc
Average Cache Occupancy Per Bin: [0.0,0.0,0.0,0.0,0.0,0.0,0.0,0.0,0.0,0.0,0.0,0.0,0.0,0.0,0.0,0.0,0.0,0.0,0.0,0.0,0.0,0.0,0.0,0.0,0.0,0.0,0.0,0.0,0.0,0.0,0.0,0.0,0.0,0.0,0.0,0.0,0.0,0.0,0.0,0.0,0.0,0.0,0.0,0.0,0.0,0.0,0.0,0.0,0.0,0.0,0.0,0.0,0.0,0.0,0.0,0.0,0.0,0.0,0.0,0.0,0.0,0.0,0.00,0.0]
Total cost: 0
assigning lease 1 to address 000007f0
Average Cache Occupancy Per Bin: [0.0,0.0,0.0,0.0,0.0,0.0,0.0,0.0,0.0,0.0,0.0,0.0,0.0,0.0,0.0,0.0,0.0,0.0,0.0,0.0,0.0,0.0,0.0,0.0,0.0,0.0,0.0,0.0,0.0,0.0,0.0,0.0,0.0,0.0,0.0,0.0,0.0,0.0,0.0,0.0,0.0,0.0,0.0,0.0,0.0,0.0,0.0,0.0,0.0,0.0,0.0,0.0,0.0,0.0,0.0,0.0,0.0,0.0,0.0,0.0,0.0,0.0,0.02,0.0]
Total cost: 0
assigning lease 1 to address 00000838
Average Cache Occupancy Per Bin: [0.0,0.0,0.0,0.0,0.0,0.0,0.0,0.0,0.0,0.0,0.0,0.0,0.0,0.0,0.0,0.0,0.0,0.0,0.0,0.0,0.0,0.0,0.0,0.0,0.0,0.0,0.0,0.0,0.0,0.0,0.0,0.0,0.0,0.0,0.0,0.0,0.0,0.0,0.0,0.0,0.0,0.0,0.0,0.0,0.0,0.0,0.0,0.0,0.0,0.0,0.0,0.0,0.0,0.0,0.0,0.0,0.0,0.0,0.0,0.0,0.0,0.0,0.06,0.0]
Total cost: 0
assigning lease 1 to address 00000848
Average Cache Occupancy Per Bin: [0.0,0.0,0.0,0.0,0.0,0.0,0.0,0.0,0.0,0.0,0.0,0.0,0.0,0.0,0.0,0.0,0.0,0.0,0.0,0.0,0.0,0.0,0.0,0.0,0.0,0.0,0.0,0.0,0.0,0.0,0.0,0.0,0.0,0.0,0.0,0.0,0.0,0.0,0.0,0.0,0.0,0.0,0.0,0.0,0.0,0.0,0.0,0.0,0.0,0.0,0.0,0.0,0.0,0.0,0.0,0.0,0.0,0.0,0.0,0.0,0.0,0.0,0.09,0.0]
Total cost: 0
assigning lease 1 to address 00000840
Average Cache Occupancy Per Bin: [0.0,0.0,0.0,0.0,0.0,0.0,0.0,0.0,0.0,0.0,0.0,0.0,0.0,0.0,0.0,0.0,0.0,0.0,0.0,0.0,0.0,0.0,0.0,0.0,0.0,0.0,0.0,0.0,0.0,0.0,0.0,0.0,0.0,0.0,0.0,0.0,0.0,0.0,0.0,0.0,0.0,0.0,0.0,0.0,0.0,0.0,0.0,0.0,0.0,0.0,0.0,0.0,0.0,0.0,0.0,0.0,0.0,0.0,0.0,0.0,0.0,0.0,0.12,0.0]
Total cost: 0
assigning lease 1 to address 000007c4
Average Cache Occupancy Per Bin: [0.0,0.0,0.0,0.0,0.0,0.0,0.0,0.0,0.0,0.0,0.0,0.0,0.0,0.0,0.0,0.0,0.0,0.0,0.0,0.0,0.0,0.0,0.0,0.0,0.0,0.0,0.0,0.0,0.0,0.0,0.0,0.0,0.0,0.0,0.0,0.0,0.0,0.0,0.0,0.0,0.0,0.0,0.0,0.0,0.0,0.0,0.0,0.0,0.0,0.0,0.0,0.0,0.0,0.0,0.0,0.0,0.0,0.0,0.0,0.0,0.0,0.0,0.15,0.0]
Total cost: 0
assigning lease 1 to address 00000844
Average Cache Occupancy Per Bin: [0.0,0.0,0.0,0.0,0.0,0.0,0.0,0.0,0.0,0.0,0.0,0.0,0.0,0.0,0.0,0.0,0.0,0.0,0.0,0.0,0.0,0.0,0.0,0.0,0.0,0.0,0.0,0.0,0.0,0.0,0.0,0.0,0.0,0.0,0.0,0.0,0.0,0.0,0.0,0.0,0.0,0.0,0.0,0.0,0.0,0.0,0.0,0.0,0.0,0.0,0.0,0.0,0.0,0.0,0.0,0.0,0.0,0.0,0.0,0.0,0.0,0.0,0.18,0.0]
Total cost: 0
assigning lease 1 to address 00000808
Average Cache Occupancy Per Bin: [0.0,0.0,0.0,0.0,0.0,0.0,0.0,0.0,0.0,0.0,0.0,0.0,0.0,0.0,0.0,0.0,0.0,0.0,0.0,0.0,0.0,0.0,0.0,0.0,0.0,0.0,0.0,0.0,0.0,0.0,0.0,0.0,0.0,0.0,0.0,0.0,0.0,0.0,0.0,0.0,0.0,0.0,0.0,0.0,0.0,0.0,0.0,0.0,0.0,0.0,0.0,0.0,0.0,0.0,0.0,0.0,0.0,0.0,0.0,0.0,0.0,0.0,0.21,0.0]
Total cost: 0
assigning lease 1 to address 000007d8
Average Cache Occupancy Per Bin: [0.0,0.0,0.0,0.0,0.0,0.0,0.0,0.0,0.0,0.0,0.0,0.0,0.0,0.0,0.0,0.0,0.0,0.0,0.0,0.0,0.0,0.0,0.0,0.0,0.0,0.0,0.0,0.0,0.0,0.0,0.0,0.0,0.0,0.0,0.0,0.0,0.0,0.0,0.0,0.0,0.0,0.0,0.0,0.0,0.0,0.0,0.0,0.0,0.0,0.0,0.0,0.0,0.0,0.0,0.0,0.0,0.0,0.0,0.0,0.0,0.0,0.0,0.24,0.0]
Total cost: 0
assigning lease 1 to address 00000820
Average Cache Occupancy Per Bin: [0.0,0.0,0.0,0.0,0.0,0.0,0.0,0.0,0.0,0.0,0.0,0.0,0.0,0.0,0.0,0.0,0.0,0.0,0.0,0.0,0.0,0.0,0.0,0.0,0.0,0.0,0.0,0.0,0.0,0.0,0.0,0.0,0.0,0.0,0.0,0.0,0.0,0.0,0.0,0.0,0.0,0.0,0.0,0.0,0.0,0.0,0.0,0.0,0.0,0.0,0.0,0.0,0.0,0.0,0.0,0.0,0.0,0.0,0.0,0.0,0.0,0.0,0.27,0.0]
Total cost: 0
assigning lease 1 to address 00000860
Average Cache Occupancy Per Bin: [0.0,0.0,0.0,0.0,0.0,0.0,0.0,0.0,0.0,0.0,0.0,0.0,0.0,0.0,0.0,0.0,0.0,0.0,0.0,0.0,0.0,0.0,0.0,0.0,0.0,0.0,0.0,0.0,0.0,0.0,0.0,0.0,0.0,0.0,0.0,0.0,0.0,0.0,0.0,0.0,0.0,0.0,0.0,0.0,0.0,0.0,0.0,0.0,0.0,0.0,0.0,0.0,0.0,0.0,0.0,0.0,0.0,0.0,0.0,0.0,0.0,0.0,0.27,0.0]
Total cost: 0
assigning lease 1 to address 00000858
Average Cache Occupancy Per Bin: [0.0,0.0,0.0,0.0,0.0,0.0,0.0,0.0,0.0,0.0,0.0,0.0,0.0,0.0,0.0,0.0,0.0,0.0,0.0,0.0,0.0,0.0,0.0,0.0,0.0,0.0,0.0,0.0,0.0,0.0,0.0,0.0,0.0,0.0,0.0,0.0,0.0,0.0,0.0,0.0,0.0,0.0,0.0,0.0,0.0,0.0,0.0,0.0,0.0,0.0,0.0,0.0,0.0,0.0,0.0,0.0,0.0,0.0,0.0,0.0,0.0,0.0,0.27,0.0]
Total cost: 0
assigning lease 1 to address 000008f4
Average Cache Occupancy Per Bin: [0.0,0.0,0.0,0.0,0.0,0.0,0.0,0.0,0.0,0.0,0.0,0.0,0.0,0.0,0.0,0.0,0.0,0.0,0.0,0.0,0.0,0.0,0.0,0.0,0.0,0.0,0.0,0.0,0.0,0.0,0.0,0.0,0.0,0.0,0.0,0.0,0.0,0.0,0.0,0.0,0.0,0.0,0.0,0.0,0.0,0.0,0.0,0.0,0.0,0.0,0.0,0.0,0.0,0.0,0.0,0.0,0.0,0.0,0.0,0.0,0.0,0.0,0.30,0.0]
Total cost: 0
assigning lease 1 to address 00000878
Average Cache Occupancy Per Bin: [0.0,0.0,0.0,0.0,0.0,0.0,0.0,0.0,0.0,0.0,0.0,0.0,0.0,0.0,0.0,0.0,0.0,0.0,0.0,0.0,0.0,0.0,0.0,0.0,0.0,0.0,0.0,0.0,0.0,0.0,0.0,0.0,0.0,0.0,0.0,0.0,0.0,0.0,0.0,0.0,0.0,0.0,0.0,0.0,0.0,0.0,0.0,0.0,0.0,0.0,0.0,0.0,0.0,0.0,0.0,0.0,0.0,0.0,0.0,0.0,0.0,0.0,0.33,0.0]
Total cost: 0
assigning lease 1 to address 000008f8
Average Cache Occupancy Per Bin: [0.0,0.0,0.0,0.0,0.0,0.0,0.0,0.0,0.0,0.0,0.0,0.0,0.0,0.0,0.0,0.0,0.0,0.0,0.0,0.0,0.0,0.0,0.0,0.0,0.0,0.0,0.0,0.0,0.0,0.0,0.0,0.0,0.0,0.0,0.0,0.0,0.0,0.0,0.0,0.0,0.0,0.0,0.0,0.0,0.0,0.0,0.0,0.0,0.0,0.0,0.0,0.0,0.0,0.0,0.0,0.0,0.0,0.0,0.0,0.0,0.0,0.0,0.36,0.0]
Total cost: 0
assigning lease 1 to address 000008d4
Average Cache Occupancy Per Bin: [0.0,0.0,0.0,0.0,0.0,0.0,0.0,0.0,0.0,0.0,0.0,0.0,0.0,0.0,0.0,0.0,0.0,0.0,0.0,0.0,0.0,0.0,0.0,0.0,0.0,0.0,0.0,0.0,0.0,0.0,0.0,0.0,0.0,0.0,0.0,0.0,0.0,0.0,0.0,0.0,0.0,0.0,0.0,0.0,0.0,0.0,0.0,0.0,0.0,0.0,0.0,0.0,0.0,0.0,0.0,0.0,0.0,0.0,0.0,0.0,0.0,0.0,0.39,0.0]
Total cost: 0
assigning lease 1 to address 000008bc
Average Cache Occupancy Per Bin: [0.0,0.0,0.0,0.0,0.0,0.0,0.0,0.0,0.0,0.0,0.0,0.0,0.0,0.0,0.0,0.0,0.0,0.0,0.0,0.0,0.0,0.0,0.0,0.0,0.0,0.0,0.0,0.0,0.0,0.0,0.0,0.0,0.0,0.0,0.0,0.0,0.0,0.0,0.0,0.0,0.0,0.0,0.0,0.0,0.0,0.0,0.0,0.0,0.0,0.0,0.0,0.0,0.0,0.0,0.0,0.0,0.0,0.0,0.0,0.0,0.0,0.0,0.42,0.0]
Total cost: 0
assigning lease 1 to address 000008ec
Average Cache Occupancy Per Bin: [0.0,0.0,0.0,0.0,0.0,0.0,0.0,0.0,0.0,0.0,0.0,0.0,0.0,0.0,0.0,0.0,0.0,0.0,0.0,0.0,0.0,0.0,0.0,0.0,0.0,0.0,0.0,0.0,0.0,0.0,0.0,0.0,0.0,0.0,0.0,0.0,0.0,0.0,0.0,0.0,0.0,0.0,0.0,0.0,0.0,0.0,0.0,0.0,0.0,0.0,0.0,0.0,0.0,0.0,0.0,0.0,0.0,0.0,0.0,0.0,0.0,0.0,0.45,0.0]
Total cost: 0
assigning lease 1 to address 000008fc
Average Cache Occupancy Per Bin: [0.0,0.0,0.0,0.0,0.0,0.0,0.0,0.0,0.0,0.0,0.0,0.0,0.0,0.0,0.0,0.0,0.0,0.0,0.0,0.0,0.0,0.0,0.0,0.0,0.0,0.0,0.0,0.0,0.0,0.0,0.0,0.0,0.0,0.0,0.0,0.0,0.0,0.0,0.0,0.0,0.0,0.0,0.0,0.0,0.0,0.0,0.0,0.0,0.0,0.0,0.0,0.0,0.0,0.0,0.0,0.0,0.0,0.0,0.0,0.0,0.0,0.0,0.48,0.0]
Total cost: 0
assigning lease 1 to address 000008a4
Average Cache Occupancy Per Bin: [0.0,0.0,0.0,0.0,0.0,0.0,0.0,0.0,0.0,0.0,0.0,0.0,0.0,0.0,0.0,0.0,0.0,0.0,0.0,0.0,0.0,0.0,0.0,0.0,0.0,0.0,0.0,0.0,0.0,0.0,0.0,0.0,0.0,0.0,0.0,0.0,0.0,0.0,0.0,0.0,0.0,0.0,0.0,0.0,0.0,0.0,0.0,0.0,0.0,0.0,0.0,0.0,0.0,0.0,0.0,0.0,0.0,0.0,0.0,0.0,0.0,0.0,0.51,0.0]
Total cost: 0
assigning lease 1 to address 0000088c
Average Cache Occupancy Per Bin: [0.0,0.0,0.0,0.0,0.0,0.0,0.0,0.0,0.0,0.0,0.0,0.0,0.0,0.0,0.0,0.0,0.0,0.0,0.0,0.0,0.0,0.0,0.0,0.0,0.0,0.0,0.0,0.0,0.0,0.0,0.0,0.0,0.0,0.0,0.0,0.0,0.0,0.0,0.0,0.0,0.0,0.0,0.0,0.0,0.0,0.0,0.0,0.0,0.0,0.0,0.0,0.0,0.0,0.0,0.0,0.0,0.0,0.0,0.0,0.0,0.0,0.0,0.54,0.0]
Total cost: 0
assigning lease 1 to address 00000904
Average Cache Occupancy Per Bin: [0.0,0.0,0.0,0.0,0.0,0.0,0.0,0.0,0.0,0.0,0.0,0.0,0.0,0.0,0.0,0.0,0.0,0.0,0.0,0.0,0.0,0.0,0.0,0.0,0.0,0.0,0.0,0.0,0.0,0.0,0.0,0.0,0.0,0.0,0.0,0.0,0.0,0.0,0.0,0.0,0.0,0.0,0.0,0.0,0.0,0.0,0.0,0.0,0.0,0.0,0.0,0.0,0.0,0.0,0.0,0.0,0.0,0.0,0.0,0.0,0.0,0.0,0.54,0.0]
Total cost: 0
assigning lease 1 to address 00000914
Average Cache Occupancy Per Bin: [0.0,0.0,0.0,0.0,0.0,0.0,0.0,0.0,0.0,0.0,0.0,0.0,0.0,0.0,0.0,0.0,0.0,0.0,0.0,0.0,0.0,0.0,0.0,0.0,0.0,0.0,0.0,0.0,0.0,0.0,0.0,0.0,0.0,0.0,0.0,0.0,0.0,0.0,0.0,0.0,0.0,0.0,0.0,0.0,0.0,0.0,0.0,0.0,0.0,0.0,0.0,0.0,0.0,0.0,0.0,0.0,0.0,0.0,0.0,0.0,0.0,0.0,0.54,0.0]
Total cost: 0
assigning lease 1 to address 00000870
Average Cache Occupancy Per Bin: [0.0,0.0,0.0,0.0,0.0,0.0,0.0,0.0,0.0,0.0,0.0,0.0,0.0,0.0,0.0,0.0,0.0,0.0,0.0,0.0,0.0,0.0,0.0,0.0,0.0,0.0,0.0,0.0,0.0,0.0,0.0,0.0,0.0,0.0,0.0,0.0,0.0,0.0,0.0,0.0,0.0,0.0,0.0,0.0,0.0,0.0,0.0,0.0,0.0,0.0,0.0,0.0,0.0,0.0,0.0,0.0,0.0,0.0,0.0,0.0,0.0,0.0,0.54,0.0]
Total cost: 0
assigning lease 1 to address 00000910
Average Cache Occupancy Per Bin: [0.0,0.0,0.0,0.0,0.0,0.0,0.0,0.0,0.0,0.0,0.0,0.0,0.0,0.0,0.0,0.0,0.0,0.0,0.0,0.0,0.0,0.0,0.0,0.0,0.0,0.0,0.0,0.0,0.0,0.0,0.0,0.0,0.0,0.0,0.0,0.0,0.0,0.0,0.0,0.0,0.0,0.0,0.0,0.0,0.0,0.0,0.0,0.0,0.0,0.0,0.0,0.0,0.0,0.0,0.0,0.0,0.0,0.0,0.0,0.0,0.0,0.0,0.54,0.0]
Total cost: 0
assigning lease 1 to address 0000090c
Average Cache Occupancy Per Bin: [0.0,0.0,0.0,0.0,0.0,0.0,0.0,0.0,0.0,0.0,0.0,0.0,0.0,0.0,0.0,0.0,0.0,0.0,0.0,0.0,0.0,0.0,0.0,0.0,0.0,0.0,0.0,0.0,0.0,0.0,0.0,0.0,0.0,0.0,0.0,0.0,0.0,0.0,0.0,0.0,0.0,0.0,0.0,0.0,0.0,0.0,0.0,0.0,0.0,0.0,0.0,0.0,0.0,0.0,0.0,0.0,0.0,0.0,0.0,0.0,0.0,0.0,0.54,0.0]
Total cost: 0
assigning lease 2 to address 000007f8
Average Cache Occupancy Per Bin: [0.0,0.0,0.0,0.0,0.0,0.0,0.0,0.0,0.0,0.0,0.0,0.0,0.0,0.0,0.0,0.0,0.0,0.0,0.0,0.0,0.0,0.0,0.0,0.0,0.0,0.0,0.0,0.0,0.0,0.0,0.0,0.0,0.0,0.0,0.0,0.0,0.0,0.0,0.0,0.0,0.0,0.0,0.0,0.0,0.0,0.0,0.0,0.0,0.0,0.0,0.0,0.0,0.0,0.0,0.0,0.0,0.0,0.0,0.0,0.0,0.0,0.0,0.59,0.0]
Total cost: 0
assigning lease 2 to address 000007cc
Average Cache Occupancy Per Bin: [0.0,0.0,0.0,0.0,0.0,0.0,0.0,0.0,0.0,0.0,0.0,0.0,0.0,0.0,0.0,0.0,0.0,0.0,0.0,0.0,0.0,0.0,0.0,0.0,0.0,0.0,0.0,0.0,0.0,0.0,0.0,0.0,0.0,0.0,0.0,0.0,0.0,0.0,0.0,0.0,0.0,0.0,0.0,0.0,0.0,0.0,0.0,0.0,0.0,0.0,0.0,0.0,0.0,0.0,0.0,0.0,0.0,0.0,0.0,0.0,0.0,0.0,0.65,0.0]
Total cost: 0
assigning lease 2 to address 00000810
Average Cache Occupancy Per Bin: [0.0,0.0,0.0,0.0,0.0,0.0,0.0,0.0,0.0,0.0,0.0,0.0,0.0,0.0,0.0,0.0,0.0,0.0,0.0,0.0,0.0,0.0,0.0,0.0,0.0,0.0,0.0,0.0,0.0,0.0,0.0,0.0,0.0,0.0,0.0,0.0,0.0,0.0,0.0,0.0,0.0,0.0,0.0,0.0,0.0,0.0,0.0,0.0,0.0,0.0,0.0,0.0,0.0,0.0,0.0,0.0,0.0,0.0,0.0,0.0,0.0,0.0,0.70,0.0]
Total cost: 0
assigning lease 2 to address 00000828
Average Cache Occupancy Per Bin: [0.0,0.0,0.0,0.0,0.0,0.0,0.0,0.0,0.0,0.0,0.0,0.0,0.0,0.0,0.0,0.0,0.0,0.0,0.0,0.0,0.0,0.0,0.0,0.0,0.0,0.0,0.0,0.0,0.0,0.0,0.0,0.0,0.0,0.0,0.0,0.0,0.0,0.0,0.0,0.0,0.0,0.0,0.0,0.0,0.0,0.0,0.0,0.0,0.0,0.0,0.0,0.0,0.0,0.0,0.0,0.0,0.0,0.0,0.0,0.0,0.0,0.0,0.76,0.0]
Total cost: 0
assigning lease 2 to address 00000880
Average Cache Occupancy Per Bin: [0.0,0.0,0.0,0.0,0.0,0.0,0.0,0.0,0.0,0.0,0.0,0.0,0.0,0.0,0.0,0.0,0.0,0.0,0.0,0.0,0.0,0.0,0.0,0.0,0.0,0.0,0.0,0.0,0.0,0.0,0.0,0.0,0.0,0.0,0.0,0.0,0.0,0.0,0.0,0.0,0.0,0.0,0.0,0.0,0.0,0.0,0.0,0.0,0.0,0.0,0.0,0.0,0.0,0.0,0.0,0.0,0.0,0.0,0.0,0.0,0.0,0.0,0.82,0.0]
Total cost: 0
assigning lease 2 to address 000008dc
Average Cache Occupancy Per Bin: [0.0,0.0,0.0,0.0,0.0,0.0,0.0,0.0,0.0,0.0,0.0,0.0,0.0,0.0,0.0,0.0,0.0,0.0,0.0,0.0,0.0,0.0,0.0,0.0,0.0,0.0,0.0,0.0,0.0,0.0,0.0,0.0,0.0,0.0,0.0,0.0,0.0,0.0,0.0,0.0,0.0,0.0,0.0,0.0,0.0,0.0,0.0,0.0,0.0,0.0,0.0,0.0,0.0,0.0,0.0,0.0,0.0,0.0,0.0,0.0,0.0,0.0,0.88,0.0]
Total cost: 0
assigning lease 2 to address 000008ac
Average Cache Occupancy Per Bin: [0.0,0.0,0.0,0.0,0.0,0.0,0.0,0.0,0.0,0.0,0.0,0.0,0.0,0.0,0.0,0.0,0.0,0.0,0.0,0.0,0.0,0.0,0.0,0.0,0.0,0.0,0.0,0.0,0.0,0.0,0.0,0.0,0.0,0.0,0.0,0.0,0.0,0.0,0.0,0.0,0.0,0.0,0.0,0.0,0.0,0.0,0.0,0.0,0.0,0.0,0.0,0.0,0.0,0.0,0.0,0.0,0.0,0.0,0.0,0.0,0.0,0.0,0.94,0.0]
Total cost: 0
assigning lease 2 to address 000008c4
Average Cache Occupancy Per Bin: [0.0,0.0,0.0,0.0,0.0,0.0,0.0,0.0,0.0,0.0,0.0,0.0,0.0,0.0,0.0,0.0,0.0,0.0,0.0,0.0,0.0,0.0,0.0,0.0,0.0,0.0,0.0,0.0,0.0,0.0,0.0,0.0,0.0,0.0,0.0,0.0,0.0,0.0,0.0,0.0,0.0,0.0,0.0,0.0,0.0,0.0,0.0,0.0,0.0,0.0,0.0,0.0,0.0,0.0,0.0,0.0,0.0,0.0,0.0,0.0,0.0,0.0,0.99,0.0]
Total cost: 0
assigning lease 7 to address 00000834
Average Cache Occupancy Per Bin: [0.03,0.02,0.02,0.03,0.03,0.03,0.03,0.01,0.0,0.0,0.0,0.0,0.0,0.0,0.0,0.0,0.0,0.0,0.0,0.0,0.0,0.0,0.0,0.0,0.0,0.0,0.0,0.0,0.0,0.0,0.0,0.0,0.0,0.0,0.0,0.0,0.0,0.0,0.0,0.0,0.0,0.0,0.0,0.0,0.0,0.0,0.0,0.0,0.0,0.0,0.0,0.0,0.0,0.0,0.0,0.0,0.0,0.0,0.0,0.0,0.0,0.0,0.99,0.0]
Total cost: 19264.0
assigning lease 14 to address 000008e8
Average Cache Occupancy Per Bin: [0.07,0.04,0.05,0.05,0.06,0.07,0.05,0.02,0.0,0.0,0.0,0.0,0.0,0.0,0.0,0.0,0.0,0.0,0.0,0.0,0.0,0.0,0.0,0.0,0.0,0.0,0.0,0.0,0.0,0.0,0.0,0.0,0.0,0.0,0.0,0.0,0.0,0.0,0.0,0.0,0.0,0.0,0.0,0.0,0.0,0.0,0.0,0.0,0.0,0.0,0.0,0.0,0.0,0.0,0.0,0.0,0.0,0.0,0.0,0.0,0.0,0.0,0.99,0.0]
Total cost: 37632.0
assigning lease 10 to address 000007d4
Average Cache Occupancy Per Bin: [0.11,0.07,0.08,0.10,0.10,0.10,0.09,0.04,0.0,0.0,0.0,0.0,0.0,0.0,0.0,0.0,0.0,0.0,0.0,0.0,0.0,0.0,0.0,0.0,0.0,0.0,0.0,0.0,0.0,0.0,0.0,0.0,0.0,0.0,0.0,0.0,0.0,0.0,0.0,0.0,0.0,0.0,0.0,0.0,0.0,0.0,0.0,0.0,0.0,0.0,0.0,0.0,0.0,0.0,0.0,0.0,0.0,0.0,0.0,0.0,0.0,0.0,0.99,0.0]
Total cost: 54272.0
assigning lease 10 to address 00000888
Average Cache Occupancy Per Bin: [0.14,0.10,0.11,0.15,0.14,0.13,0.13,0.06,0.0,0.0,0.0,0.0,0.0,0.0,0.0,0.0,0.0,0.0,0.0,0.0,0.0,0.0,0.0,0.0,0.0,0.0,0.0,0.0,0.0,0.0,0.0,0.0,0.0,0.0,0.0,0.0,0.0,0.0,0.0,0.0,0.0,0.0,0.0,0.0,0.0,0.0,0.0,0.0,0.0,0.0,0.0,0.0,0.0,0.0,0.0,0.0,0.0,0.0,0.0,0.0,0.0,0.0,0.99,0.0]
Total cost: 68992.0
assigning lease 17 to address 00000804
Average Cache Occupancy Per Bin: [0.15,0.11,0.12,0.15,0.14,0.14,0.14,0.08,0.00,0.00,0.00,0.00,0.00,0.01,0.00,0.00,0.0,0.00,0.00,0.01,0.01,0.00,0.00,0.00,0.00,0.00,0.02,0.00,0.00,0.00,0.00,0.00,0.00,0.01,0.00,0.00,0.00,0.00,0.00,0.00,0.01,0.01,0.00,0.01,0.00,0.00,0.00,0.01,0.00,0.0,0.01,0.00,0.00,0.00,0.00,0.0,0.00,0.00,0.00,0.00,0.00,0.00,1.00,0.00]
Total cost: 73344.0
assigning lease 17 to address 000008cc
Average Cache Occupancy Per Bin: [0.19,0.16,0.19,0.23,0.20,0.21,0.21,0.11,0.00,0.00,0.00,0.00,0.00,0.01,0.00,0.00,0.0,0.00,0.00,0.01,0.01,0.00,0.00,0.00,0.00,0.00,0.02,0.00,0.00,0.00,0.00,0.00,0.00,0.01,0.00,0.00,0.00,0.00,0.00,0.00,0.01,0.01,0.00,0.01,0.00,0.00,0.00,0.01,0.00,0.0,0.01,0.00,0.00,0.00,0.00,0.0,0.00,0.00,0.00,0.00,0.00,0.00,1.00,0.00]
Total cost: 95104.0
assigning lease 17 to address 00000818
Average Cache Occupancy Per Bin: [0.24,0.20,0.24,0.31,0.27,0.27,0.29,0.14,0.00,0.00,0.00,0.00,0.00,0.01,0.00,0.00,0.0,0.00,0.00,0.01,0.01,0.00,0.00,0.00,0.00,0.00,0.02,0.00,0.00,0.00,0.00,0.00,0.00,0.01,0.00,0.00,0.00,0.00,0.00,0.00,0.01,0.01,0.00,0.01,0.00,0.00,0.00,0.01,0.00,0.0,0.01,0.00,0.00,0.00,0.00,0.0,0.00,0.00,0.00,0.00,0.00,0.00,1.00,0.00]
Total cost: 117952.0
assigning lease 1928 to address 00000818
Average Cache Occupancy Per Bin: [0.24,0.67,0.24,0.54,1.21,0.51,1.69,0.89,0.00,0.00,0.00,0.00,0.00,0.01,0.00,0.00,0.0,0.00,0.00,0.01,0.01,0.00,0.00,0.00,0.00,0.00,0.02,0.00,0.00,0.00,0.00,0.00,0.00,0.01,0.00,0.00,0.00,0.00,0.00,0.00,0.01,0.01,0.00,0.01,0.00,0.00,0.00,0.01,0.00,0.0,0.01,0.00,0.00,0.00,0.00,0.0,0.00,0.00,0.00,0.00,0.00,0.00,1.00,0.00]
Total cost: 117952.0
assigning lease 1928 to address 000008cc
Average Cache Occupancy Per Bin: [0.94,0.90,0.47,1.71,1.44,0.97,1.93,1.65,0.00,0.00,0.00,0.00,0.00,0.01,0.00,0.00,0.0,0.00,0.00,0.01,0.01,0.00,0.00,0.00,0.00,0.00,0.02,0.00,0.00,0.00,0.00,0.00,0.00,0.01,0.00,0.00,0.00,0.00,0.00,0.00,0.01,0.01,0.00,0.01,0.00,0.00,0.00,0.01,0.00,0.0,0.01,0.00,0.00,0.00,0.00,0.0,0.00,0.00,0.00,0.00,0.00,0.00,1.00,0.00]
Total cost: 458752.0
addr: 000008b8 ri: 2047
bin target: 971648.0
num_full_bins: 0
printing bin ranks sorted:
	selecting this^ bin
acceptable_ratio: 0.03218124084025403
Assigning 000008b8 dual lease lease 2047 * 0.03218124084025403. Bin saturation: [0.96,0.93,0.50,1.74,1.46,1.00,2.0,1.70,0.02,0.03,0.04,0.05,0.02,0.02,0.01,0.03,0.02,0.03,0.03,0.05,0.01,0.04,0.00,0.04,0.03,0.02,0.02,0.04,0.03,0.05,0.06,0.01,0.04,0.04,0.02,0.06,0.04,0.05,0.03,0.03,0.10,0.03,0.04,0.04,0.03,0.01,0.04,0.02,0.02,0.03,0.03,0.04,0.02,0.05,0.05,0.04,0.03,0.04,0.03,0.01,0.05,0.02,1.03,0.01]
addr: 00000804 ri: 442298
bin target: 971648.0
num_full_bins: 1
printing bin ranks sorted:
acceptable_ratio: 0
Final saturation:
	0,0.9616321960216045
	1,0.9306580160716638
	2,0.5001482018179423
	3,1.7428039783954683
	4,1.4618297984455275
	5,1.004956527466737
	6,2.0
	7,1.7067909366354894
	8,0.024074561981293638
	9,0.03919114741140824
	10,0.04786918719536293
	11,0.05234817547095244
	12,0.024074561981293638
	13,0.02659399288631274
	14,0.01763601633513371
	15,0.03695165327361349
	16,0.026034119351864053
	17,0.030513107627453566
	18,0.03499209590304308
	19,0.054587669608747204
	20,0.013436964826768542
	21,0.04367013568699776
	22,0.002239494137794757
	23,0.04143064154920301
	24,0.03275260176524832
	25,0.026314056119088394
	26,0.028833487024107495
	27,0.04143064154920301
	28,0.03919114741140824
	29,0.05234817547095244
	30,0.06102621525490713
	31,0.013157028059544197
	32,0.04143064154920301
	33,0.043950072454222104
	34,0.02183506784349888
	35,0.06522526676327231
	36,0.04143064154920301
	37,0.05234817547095244
	38,0.03919114741140824
	39,0.030513107627453566
	40,0.10245685680411012
	41,0.030793044394677907
	42,0.04367013568699776
	43,0.04590962982479252
	44,0.03695165327361349
	45,0.01959557370570412
	46,0.04786918719536293
	47,0.02855355025688315
	48,0.026314056119088394
	49,0.03471215913581873
	50,0.037231590040837835
	51,0.04367013568699776
	52,0.026314056119088394
	53,0.05234817547095244
	54,0.05430773284152286
	55,0.043390198919773415
	56,0.03499209590304308
	57,0.04786918719536293
	58,0.030513107627453566
	59,0.01763601633513371
	60,0.05234817547095244
	61,0.02183506784349888
	62,1.0393228823606904
	63,0.01959557370570412
Dump single leases (last one may be dual)
000008b8 7ff percentage 0.03218124084025403
000008b8 0 percentage 0.967818759159746
000007bc 1
000007f8 2
000007cc 2
000007f0 1
00000810 2
00000804 11
00000838 1
00000834 7
00000848 1
00000840 1
000007d4 a
000007c4 1
00000844 1
00000818 788
00000808 1
000007d8 1
00000828 2
00000820 1
00000860 1
00000858 1
00000888 a
00000880 2
000008f4 1
00000878 1
000008e8 e
000008cc 788
000008f8 1
000008d4 1
000008dc 2
000008ac 2
000008bc 1
000008ec 1
000008c4 2
000008fc 1
000008a4 1
0000088c 1
00000904 1
00000914 1
00000870 1
00000910 1
0000090c 1
Dump dual leases

