sample rate: 0.015625
len(carl_order):
115
Printing carl assignment order:
00000978,1,1.0
000006dc,1,1.0
00000814,1,1.0
00000890,1,1.0
00000734,1,1.0
00000744,1,1.0
0000082c,1,1.0
000008bc,1,1.0
000006f4,1,1.0
000007b0,1,1.0
00000724,1,1.0
000006a0,1,1.0
00000604,1,1.0
000008e0,1,1.0
00000960,1,1.0
0000094c,1,1.0
0000064c,1,1.0
00000948,1,1.0
000008f0,1,1.0
00000628,1,1.0
00000898,1,1.0
0000093c,1,1.0
00000614,1,1.0
00000640,1,1.0
0000090c,1,1.0
00000918,1,1.0
000008c8,1,1.0
000006b4,1,1.0
00000964,1,1.0
000006a8,1,1.0
000008a4,1,1.0
0000095c,1,1.0
0000074c,1,1.0
0000079c,1,1.0
00000944,1,1.0
00000698,1,1.0
0000060c,1,1.0
00000808,1,1.0
00000668,1,1.0
000007e0,1,1.0
0000061c,1,1.0
00000780,1,1.0
000007d4,1,1.0
00000770,1,1.0
000006cc,1,1.0
00000758,1,1.0
0000073c,1,1.0
00000674,1,1.0
0000072c,1,1.0
00000888,1,1.0
00000700,1,1.0
00000954,1,1.0
00000864,1,1.0
00000858,1,1.0
0000096c,1,1.0
00000974,1,1.0
000007f4,2,0.5
00000654,2,0.5
000008f8,2,0.5
000006bc,2,0.5
0000092c,2,0.5
000007a0,2,0.5
000008d0,2,0.5
000007b4,2,0.5
00000714,2,0.5
00000630,2,0.5
00000760,2,0.5
00000788,2,0.5
00000688,2,0.5
000008ac,2,0.5
000006e4,2,0.5
00000844,2,0.5
0000081c,2,0.5
00000664,4,0.23200757575757575
0000063c,8,0.22924528301886793
00000694,6,0.16666666666666666
00000800,8,0.125
000006c8,8,0.125
00000828,8,0.125
000007a8,3,0.1248339973439575
00000938,17,0.12366853072365355
00000720,9,0.1111111111111111
000008b8,12,0.09054344376357999
00000884,13,0.07692307692307693
0000076c,14,0.07142857142857142
000006f0,17,0.055848020141908906
000008dc,20,0.05038981212813975
00000854,35,0.02857142857142857
00000938,38,0.015873015873015872
00000664,53,0.004296455424274973
00000664,93,0.0016666666666666668
000006f0,78,0.0012610340479192938
00000664,353,0.0012195121951219512
00000664,1133,0.0010802469135802468
00000664,2233,0.001
000007bc,3278,0.0007667675313610858
000006f0,458,0.0007142857142857143
000006f0,3498,0.0006428571428571428
00000798,2621,0.0006055969911391598
000008dc,3358,0.0006005346953433622
000007a8,3458,0.000584268659382536
00000798,2801,0.00048254785266205565
00000904,3498,0.0004692771140557898
00000798,2981,0.0003508771929824561
00000904,3518,0.0003401360544217687
00000904,3578,0.0003302699597932223
00000798,3401,0.0003284072249589491
00000904,3598,0.0003056768558951965
000008dc,14732,2.4084198357457672e-05
000008dc,150180,1.6556017284482045e-05
00000798,5755,1.633880138553036e-05
000007bc,91955,1.4564308705087312e-05
00000938,202752,7.1674825650986604e-06
00000798,299043,6.721553980262291e-06
00000904,318157,5.662454340159061e-06
TRACE LENGTH: 19855744.0
assigning lease 1 to address 00000978
Average Cache Occupancy Per Bin: [0.0,0.0,0.0,0.0,0.0,0.0,0.0,0.0,0.0,0.0,0.0,0.0,0.0,0.0,0.0,0.0,0.0,0.0,0.0,0.0,0.0,0.0,0.0,0.0,0.0,0.0,0.0,0.0,0.0,0.0,0.0,0.0,0.0,0.0,0.0,0.0,0.0,0.0,0.0,0.0,0.0,0.0,0.0,0.0,0.0,0.0,0.0,0.0,0.0,0.0,0.0,0.0,0.0,0.0,0.0,0.0,0.0,0.0,0.0,0.0,0.0,0.0,1.93,0.0]
Total cost: 0
assigning lease 1 to address 000006dc
Average Cache Occupancy Per Bin: [0.0,0.0,0.0,0.0,0.0,0.0,0.0,0.0,0.0,0.0,0.0,0.0,0.0,0.0,0.0,0.0,0.0,0.0,0.0,0.0,0.0,0.0,0.0,0.0,0.0,0.0,0.0,0.0,0.0,0.0,0.0,0.0,0.0,0.0,0.0,0.0,0.0,0.0,0.0,0.0,0.0,0.0,0.0,0.0,0.0,0.0,0.0,0.0,0.0,0.0,0.0,0.0,0.0,0.0,0.0,0.0,0.0,0.0,0.0,0.0,0.0,0.0,0.00,0.0]
Total cost: 0
assigning lease 1 to address 00000814
Average Cache Occupancy Per Bin: [0.0,0.0,0.0,0.0,0.0,0.0,0.0,0.0,0.0,0.0,0.0,0.0,0.0,0.0,0.0,0.0,0.0,0.0,0.0,0.0,0.0,0.0,0.0,0.0,0.0,0.0,0.0,0.0,0.0,0.0,0.0,0.0,0.0,0.0,0.0,0.0,0.0,0.0,0.0,0.0,0.0,0.0,0.0,0.0,0.0,0.0,0.0,0.0,0.0,0.0,0.0,0.0,0.0,0.0,0.0,0.0,0.0,0.0,0.0,0.0,0.0,0.0,0.00,0.0]
Total cost: 0
assigning lease 1 to address 00000890
Average Cache Occupancy Per Bin: [0.0,0.0,0.0,0.0,0.0,0.0,0.0,0.0,0.0,0.0,0.0,0.0,0.0,0.0,0.0,0.0,0.0,0.0,0.0,0.0,0.0,0.0,0.0,0.0,0.0,0.0,0.0,0.0,0.0,0.0,0.0,0.0,0.0,0.0,0.0,0.0,0.0,0.0,0.0,0.0,0.0,0.0,0.0,0.0,0.0,0.0,0.0,0.0,0.0,0.0,0.0,0.0,0.0,0.0,0.0,0.0,0.0,0.0,0.0,0.0,0.0,0.0,0.00,0.0]
Total cost: 0
assigning lease 1 to address 00000734
Average Cache Occupancy Per Bin: [0.0,0.0,0.0,0.0,0.0,0.0,0.0,0.0,0.0,0.0,0.0,0.0,0.0,0.0,0.0,0.0,0.0,0.0,0.0,0.0,0.0,0.0,0.0,0.0,0.0,0.0,0.0,0.0,0.0,0.0,0.0,0.0,0.0,0.0,0.0,0.0,0.0,0.0,0.0,0.0,0.0,0.0,0.0,0.0,0.0,0.0,0.0,0.0,0.0,0.0,0.0,0.0,0.0,0.0,0.0,0.0,0.0,0.0,0.0,0.0,0.0,0.0,0.00,0.0]
Total cost: 0
assigning lease 1 to address 00000744
Average Cache Occupancy Per Bin: [0.0,0.0,0.0,0.0,0.0,0.0,0.0,0.0,0.0,0.0,0.0,0.0,0.0,0.0,0.0,0.0,0.0,0.0,0.0,0.0,0.0,0.0,0.0,0.0,0.0,0.0,0.0,0.0,0.0,0.0,0.0,0.0,0.0,0.0,0.0,0.0,0.0,0.0,0.0,0.0,0.0,0.0,0.0,0.0,0.0,0.0,0.0,0.0,0.0,0.0,0.0,0.0,0.0,0.0,0.0,0.0,0.0,0.0,0.0,0.0,0.0,0.0,0.00,0.0]
Total cost: 0
assigning lease 1 to address 0000082c
Average Cache Occupancy Per Bin: [0.0,0.0,0.0,0.0,0.0,0.0,0.0,0.0,0.0,0.0,0.0,0.0,0.0,0.0,0.0,0.0,0.0,0.0,0.0,0.0,0.0,0.0,0.0,0.0,0.0,0.0,0.0,0.0,0.0,0.0,0.0,0.0,0.0,0.0,0.0,0.0,0.0,0.0,0.0,0.0,0.0,0.0,0.0,0.0,0.0,0.0,0.0,0.0,0.0,0.0,0.0,0.0,0.0,0.0,0.0,0.0,0.0,0.0,0.0,0.0,0.0,0.0,0.00,0.0]
Total cost: 0
assigning lease 1 to address 000008bc
Average Cache Occupancy Per Bin: [0.0,0.0,0.0,0.0,0.0,0.0,0.0,0.0,0.0,0.0,0.0,0.0,0.0,0.0,0.0,0.0,0.0,0.0,0.0,0.0,0.0,0.0,0.0,0.0,0.0,0.0,0.0,0.0,0.0,0.0,0.0,0.0,0.0,0.0,0.0,0.0,0.0,0.0,0.0,0.0,0.0,0.0,0.0,0.0,0.0,0.0,0.0,0.0,0.0,0.0,0.0,0.0,0.0,0.0,0.0,0.0,0.0,0.0,0.0,0.0,0.0,0.0,0.04,0.0]
Total cost: 0
assigning lease 1 to address 000006f4
Average Cache Occupancy Per Bin: [0.0,0.0,0.0,0.0,0.0,0.0,0.0,0.0,0.0,0.0,0.0,0.0,0.0,0.0,0.0,0.0,0.0,0.0,0.0,0.0,0.0,0.0,0.0,0.0,0.0,0.0,0.0,0.0,0.0,0.0,0.0,0.0,0.0,0.0,0.0,0.0,0.0,0.0,0.0,0.0,0.0,0.0,0.0,0.0,0.0,0.0,0.0,0.0,0.0,0.0,0.0,0.0,0.0,0.0,0.0,0.0,0.0,0.0,0.0,0.0,0.0,0.0,0.05,0.0]
Total cost: 0
assigning lease 1 to address 000007b0
Average Cache Occupancy Per Bin: [0.0,0.0,0.0,0.0,0.0,0.0,0.0,0.0,0.0,0.0,0.0,0.0,0.0,0.0,0.0,0.0,0.0,0.0,0.0,0.0,0.0,0.0,0.0,0.0,0.0,0.0,0.0,0.0,0.0,0.0,0.0,0.0,0.0,0.0,0.0,0.0,0.0,0.0,0.0,0.0,0.0,0.0,0.0,0.0,0.0,0.0,0.0,0.0,0.0,0.0,0.0,0.0,0.0,0.0,0.0,0.0,0.0,0.0,0.0,0.0,0.0,0.0,0.05,0.0]
Total cost: 0
assigning lease 1 to address 00000724
Average Cache Occupancy Per Bin: [0.0,0.0,0.0,0.0,0.0,0.0,0.0,0.0,0.0,0.0,0.0,0.0,0.0,0.0,0.0,0.0,0.0,0.0,0.0,0.0,0.0,0.0,0.0,0.0,0.0,0.0,0.0,0.0,0.0,0.0,0.0,0.0,0.0,0.0,0.0,0.0,0.0,0.0,0.0,0.0,0.0,0.0,0.0,0.0,0.0,0.0,0.0,0.0,0.0,0.0,0.0,0.0,0.0,0.0,0.0,0.0,0.0,0.0,0.0,0.0,0.0,0.0,0.05,0.0]
Total cost: 0
assigning lease 1 to address 000006a0
Average Cache Occupancy Per Bin: [0.0,0.0,0.0,0.0,0.0,0.0,0.0,0.0,0.0,0.0,0.0,0.0,0.0,0.0,0.0,0.0,0.0,0.0,0.0,0.0,0.0,0.0,0.0,0.0,0.0,0.0,0.0,0.0,0.0,0.0,0.0,0.0,0.0,0.0,0.0,0.0,0.0,0.0,0.0,0.0,0.0,0.0,0.0,0.0,0.0,0.0,0.0,0.0,0.0,0.0,0.0,0.0,0.0,0.0,0.0,0.0,0.0,0.0,0.0,0.0,0.0,0.0,0.05,0.0]
Total cost: 0
assigning lease 1 to address 00000604
Average Cache Occupancy Per Bin: [0.0,0.0,0.0,0.0,0.0,0.0,0.0,0.0,0.0,0.0,0.0,0.0,0.0,0.0,0.0,0.0,0.0,0.0,0.0,0.0,0.0,0.0,0.0,0.0,0.0,0.0,0.0,0.0,0.0,0.0,0.0,0.0,0.0,0.0,0.0,0.0,0.0,0.0,0.0,0.0,0.0,0.0,0.0,0.0,0.0,0.0,0.0,0.0,0.0,0.0,0.0,0.0,0.0,0.0,0.0,0.0,0.0,0.0,0.0,0.0,0.0,0.0,0.05,0.0]
Total cost: 0
assigning lease 1 to address 000008e0
Average Cache Occupancy Per Bin: [0.0,0.0,0.0,0.0,0.0,0.0,0.0,0.0,0.0,0.0,0.0,0.0,0.0,0.0,0.0,0.0,0.0,0.0,0.0,0.0,0.0,0.0,0.0,0.0,0.0,0.0,0.0,0.0,0.0,0.0,0.0,0.0,0.0,0.0,0.0,0.0,0.0,0.0,0.0,0.0,0.0,0.0,0.0,0.0,0.0,0.0,0.0,0.0,0.0,0.0,0.0,0.0,0.0,0.0,0.0,0.0,0.0,0.0,0.0,0.0,0.0,0.0,0.10,0.0]
Total cost: 0
assigning lease 1 to address 00000960
Average Cache Occupancy Per Bin: [0.0,0.0,0.0,0.0,0.0,0.0,0.0,0.0,0.0,0.0,0.0,0.0,0.0,0.0,0.0,0.0,0.0,0.0,0.0,0.0,0.0,0.0,0.0,0.0,0.0,0.0,0.0,0.0,0.0,0.0,0.0,0.0,0.0,0.0,0.0,0.0,0.0,0.0,0.0,0.0,0.0,0.0,0.0,0.0,0.0,0.0,0.0,0.0,0.0,0.0,0.0,0.0,0.0,0.0,0.0,0.0,0.0,0.0,0.0,0.0,0.0,0.0,0.10,0.0]
Total cost: 0
assigning lease 1 to address 0000094c
Average Cache Occupancy Per Bin: [0.0,0.0,0.0,0.0,0.0,0.0,0.0,0.0,0.0,0.0,0.0,0.0,0.0,0.0,0.0,0.0,0.0,0.0,0.0,0.0,0.0,0.0,0.0,0.0,0.0,0.0,0.0,0.0,0.0,0.0,0.0,0.0,0.0,0.0,0.0,0.0,0.0,0.0,0.0,0.0,0.0,0.0,0.0,0.0,0.0,0.0,0.0,0.0,0.0,0.0,0.0,0.0,0.0,0.0,0.0,0.0,0.0,0.0,0.0,0.0,0.0,0.0,0.15,0.0]
Total cost: 0
assigning lease 1 to address 0000064c
Average Cache Occupancy Per Bin: [0.0,0.0,0.0,0.0,0.0,0.0,0.0,0.0,0.0,0.0,0.0,0.0,0.0,0.0,0.0,0.0,0.0,0.0,0.0,0.0,0.0,0.0,0.0,0.0,0.0,0.0,0.0,0.0,0.0,0.0,0.0,0.0,0.0,0.0,0.0,0.0,0.0,0.0,0.0,0.0,0.0,0.0,0.0,0.0,0.0,0.0,0.0,0.0,0.0,0.0,0.0,0.0,0.0,0.0,0.0,0.0,0.0,0.0,0.0,0.0,0.0,0.0,0.15,0.0]
Total cost: 0
assigning lease 1 to address 00000948
Average Cache Occupancy Per Bin: [0.0,0.0,0.0,0.0,0.0,0.0,0.0,0.0,0.0,0.0,0.0,0.0,0.0,0.0,0.0,0.0,0.0,0.0,0.0,0.0,0.0,0.0,0.0,0.0,0.0,0.0,0.0,0.0,0.0,0.0,0.0,0.0,0.0,0.0,0.0,0.0,0.0,0.0,0.0,0.0,0.0,0.0,0.0,0.0,0.0,0.0,0.0,0.0,0.0,0.0,0.0,0.0,0.0,0.0,0.0,0.0,0.0,0.0,0.0,0.0,0.0,0.0,0.19,0.0]
Total cost: 0
assigning lease 1 to address 000008f0
Average Cache Occupancy Per Bin: [0.0,0.0,0.0,0.0,0.0,0.0,0.0,0.0,0.0,0.0,0.0,0.0,0.0,0.0,0.0,0.0,0.0,0.0,0.0,0.0,0.0,0.0,0.0,0.0,0.0,0.0,0.0,0.0,0.0,0.0,0.0,0.0,0.0,0.0,0.0,0.0,0.0,0.0,0.0,0.0,0.0,0.0,0.0,0.0,0.0,0.0,0.0,0.0,0.0,0.0,0.0,0.0,0.0,0.0,0.0,0.0,0.0,0.0,0.0,0.0,0.0,0.0,0.24,0.0]
Total cost: 0
assigning lease 1 to address 00000628
Average Cache Occupancy Per Bin: [0.0,0.0,0.0,0.0,0.0,0.0,0.0,0.0,0.0,0.0,0.0,0.0,0.0,0.0,0.0,0.0,0.0,0.0,0.0,0.0,0.0,0.0,0.0,0.0,0.0,0.0,0.0,0.0,0.0,0.0,0.0,0.0,0.0,0.0,0.0,0.0,0.0,0.0,0.0,0.0,0.0,0.0,0.0,0.0,0.0,0.0,0.0,0.0,0.0,0.0,0.0,0.0,0.0,0.0,0.0,0.0,0.0,0.0,0.0,0.0,0.0,0.0,0.24,0.0]
Total cost: 0
assigning lease 1 to address 00000898
Average Cache Occupancy Per Bin: [0.0,0.0,0.0,0.0,0.0,0.0,0.0,0.0,0.0,0.0,0.0,0.0,0.0,0.0,0.0,0.0,0.0,0.0,0.0,0.0,0.0,0.0,0.0,0.0,0.0,0.0,0.0,0.0,0.0,0.0,0.0,0.0,0.0,0.0,0.0,0.0,0.0,0.0,0.0,0.0,0.0,0.0,0.0,0.0,0.0,0.0,0.0,0.0,0.0,0.0,0.0,0.0,0.0,0.0,0.0,0.0,0.0,0.0,0.0,0.0,0.0,0.0,0.29,0.0]
Total cost: 0
assigning lease 1 to address 0000093c
Average Cache Occupancy Per Bin: [0.0,0.0,0.0,0.0,0.0,0.0,0.0,0.0,0.0,0.0,0.0,0.0,0.0,0.0,0.0,0.0,0.0,0.0,0.0,0.0,0.0,0.0,0.0,0.0,0.0,0.0,0.0,0.0,0.0,0.0,0.0,0.0,0.0,0.0,0.0,0.0,0.0,0.0,0.0,0.0,0.0,0.0,0.0,0.0,0.0,0.0,0.0,0.0,0.0,0.0,0.0,0.0,0.0,0.0,0.0,0.0,0.0,0.0,0.0,0.0,0.0,0.0,0.34,0.0]
Total cost: 0
assigning lease 1 to address 00000614
Average Cache Occupancy Per Bin: [0.0,0.0,0.0,0.0,0.0,0.0,0.0,0.0,0.0,0.0,0.0,0.0,0.0,0.0,0.0,0.0,0.0,0.0,0.0,0.0,0.0,0.0,0.0,0.0,0.0,0.0,0.0,0.0,0.0,0.0,0.0,0.0,0.0,0.0,0.0,0.0,0.0,0.0,0.0,0.0,0.0,0.0,0.0,0.0,0.0,0.0,0.0,0.0,0.0,0.0,0.0,0.0,0.0,0.0,0.0,0.0,0.0,0.0,0.0,0.0,0.0,0.0,0.34,0.0]
Total cost: 0
assigning lease 1 to address 00000640
Average Cache Occupancy Per Bin: [0.0,0.0,0.0,0.0,0.0,0.0,0.0,0.0,0.0,0.0,0.0,0.0,0.0,0.0,0.0,0.0,0.0,0.0,0.0,0.0,0.0,0.0,0.0,0.0,0.0,0.0,0.0,0.0,0.0,0.0,0.0,0.0,0.0,0.0,0.0,0.0,0.0,0.0,0.0,0.0,0.0,0.0,0.0,0.0,0.0,0.0,0.0,0.0,0.0,0.0,0.0,0.0,0.0,0.0,0.0,0.0,0.0,0.0,0.0,0.0,0.0,0.0,0.34,0.0]
Total cost: 0
assigning lease 1 to address 0000090c
Average Cache Occupancy Per Bin: [0.0,0.0,0.0,0.0,0.0,0.0,0.0,0.0,0.0,0.0,0.0,0.0,0.0,0.0,0.0,0.0,0.0,0.0,0.0,0.0,0.0,0.0,0.0,0.0,0.0,0.0,0.0,0.0,0.0,0.0,0.0,0.0,0.0,0.0,0.0,0.0,0.0,0.0,0.0,0.0,0.0,0.0,0.0,0.0,0.0,0.0,0.0,0.0,0.0,0.0,0.0,0.0,0.0,0.0,0.0,0.0,0.0,0.0,0.0,0.0,0.0,0.0,0.39,0.0]
Total cost: 0
assigning lease 1 to address 00000918
Average Cache Occupancy Per Bin: [0.0,0.0,0.0,0.0,0.0,0.0,0.0,0.0,0.0,0.0,0.0,0.0,0.0,0.0,0.0,0.0,0.0,0.0,0.0,0.0,0.0,0.0,0.0,0.0,0.0,0.0,0.0,0.0,0.0,0.0,0.0,0.0,0.0,0.0,0.0,0.0,0.0,0.0,0.0,0.0,0.0,0.0,0.0,0.0,0.0,0.0,0.0,0.0,0.0,0.0,0.0,0.0,0.0,0.0,0.0,0.0,0.0,0.0,0.0,0.0,0.0,0.0,0.44,0.0]
Total cost: 0
assigning lease 1 to address 000008c8
Average Cache Occupancy Per Bin: [0.0,0.0,0.0,0.0,0.0,0.0,0.0,0.0,0.0,0.0,0.0,0.0,0.0,0.0,0.0,0.0,0.0,0.0,0.0,0.0,0.0,0.0,0.0,0.0,0.0,0.0,0.0,0.0,0.0,0.0,0.0,0.0,0.0,0.0,0.0,0.0,0.0,0.0,0.0,0.0,0.0,0.0,0.0,0.0,0.0,0.0,0.0,0.0,0.0,0.0,0.0,0.0,0.0,0.0,0.0,0.0,0.0,0.0,0.0,0.0,0.0,0.0,0.48,0.0]
Total cost: 0
assigning lease 1 to address 000006b4
Average Cache Occupancy Per Bin: [0.0,0.0,0.0,0.0,0.0,0.0,0.0,0.0,0.0,0.0,0.0,0.0,0.0,0.0,0.0,0.0,0.0,0.0,0.0,0.0,0.0,0.0,0.0,0.0,0.0,0.0,0.0,0.0,0.0,0.0,0.0,0.0,0.0,0.0,0.0,0.0,0.0,0.0,0.0,0.0,0.0,0.0,0.0,0.0,0.0,0.0,0.0,0.0,0.0,0.0,0.0,0.0,0.0,0.0,0.0,0.0,0.0,0.0,0.0,0.0,0.0,0.0,0.48,0.0]
Total cost: 0
assigning lease 1 to address 00000964
Average Cache Occupancy Per Bin: [0.0,0.0,0.0,0.0,0.0,0.0,0.0,0.0,0.0,0.0,0.0,0.0,0.0,0.0,0.0,0.0,0.0,0.0,0.0,0.0,0.0,0.0,0.0,0.0,0.0,0.0,0.0,0.0,0.0,0.0,0.0,0.0,0.0,0.0,0.0,0.0,0.0,0.0,0.0,0.0,0.0,0.0,0.0,0.0,0.0,0.0,0.0,0.0,0.0,0.0,0.0,0.0,0.0,0.0,0.0,0.0,0.0,0.0,0.0,0.0,0.0,0.0,0.49,0.0]
Total cost: 0
assigning lease 1 to address 000006a8
Average Cache Occupancy Per Bin: [0.0,0.0,0.0,0.0,0.0,0.0,0.0,0.0,0.0,0.0,0.0,0.0,0.0,0.0,0.0,0.0,0.0,0.0,0.0,0.0,0.0,0.0,0.0,0.0,0.0,0.0,0.0,0.0,0.0,0.0,0.0,0.0,0.0,0.0,0.0,0.0,0.0,0.0,0.0,0.0,0.0,0.0,0.0,0.0,0.0,0.0,0.0,0.0,0.0,0.0,0.0,0.0,0.0,0.0,0.0,0.0,0.0,0.0,0.0,0.0,0.0,0.0,0.49,0.0]
Total cost: 0
assigning lease 1 to address 000008a4
Average Cache Occupancy Per Bin: [0.0,0.0,0.0,0.0,0.0,0.0,0.0,0.0,0.0,0.0,0.0,0.0,0.0,0.0,0.0,0.0,0.0,0.0,0.0,0.0,0.0,0.0,0.0,0.0,0.0,0.0,0.0,0.0,0.0,0.0,0.0,0.0,0.0,0.0,0.0,0.0,0.0,0.0,0.0,0.0,0.0,0.0,0.0,0.0,0.0,0.0,0.0,0.0,0.0,0.0,0.0,0.0,0.0,0.0,0.0,0.0,0.0,0.0,0.0,0.0,0.0,0.0,0.53,0.0]
Total cost: 0
assigning lease 1 to address 0000095c
Average Cache Occupancy Per Bin: [0.0,0.0,0.0,0.0,0.0,0.0,0.0,0.0,0.0,0.0,0.0,0.0,0.0,0.0,0.0,0.0,0.0,0.0,0.0,0.0,0.0,0.0,0.0,0.0,0.0,0.0,0.0,0.0,0.0,0.0,0.0,0.0,0.0,0.0,0.0,0.0,0.0,0.0,0.0,0.0,0.0,0.0,0.0,0.0,0.0,0.0,0.0,0.0,0.0,0.0,0.0,0.0,0.0,0.0,0.0,0.0,0.0,0.0,0.0,0.0,0.0,0.0,0.54,0.0]
Total cost: 0
assigning lease 1 to address 0000074c
Average Cache Occupancy Per Bin: [0.0,0.0,0.0,0.0,0.0,0.0,0.0,0.0,0.0,0.0,0.0,0.0,0.0,0.0,0.0,0.0,0.0,0.0,0.0,0.0,0.0,0.0,0.0,0.0,0.0,0.0,0.0,0.0,0.0,0.0,0.0,0.0,0.0,0.0,0.0,0.0,0.0,0.0,0.0,0.0,0.0,0.0,0.0,0.0,0.0,0.0,0.0,0.0,0.0,0.0,0.0,0.0,0.0,0.0,0.0,0.0,0.0,0.0,0.0,0.0,0.0,0.0,0.54,0.0]
Total cost: 0
assigning lease 1 to address 0000079c
Average Cache Occupancy Per Bin: [0.0,0.0,0.0,0.0,0.0,0.0,0.0,0.0,0.0,0.0,0.0,0.0,0.0,0.0,0.0,0.0,0.0,0.0,0.0,0.0,0.0,0.0,0.0,0.0,0.0,0.0,0.0,0.0,0.0,0.0,0.0,0.0,0.0,0.0,0.0,0.0,0.0,0.0,0.0,0.0,0.0,0.0,0.0,0.0,0.0,0.0,0.0,0.0,0.0,0.0,0.0,0.0,0.0,0.0,0.0,0.0,0.0,0.0,0.0,0.0,0.0,0.0,0.54,0.0]
Total cost: 0
assigning lease 1 to address 00000944
Average Cache Occupancy Per Bin: [0.0,0.0,0.0,0.0,0.0,0.0,0.0,0.0,0.0,0.0,0.0,0.0,0.0,0.0,0.0,0.0,0.0,0.0,0.0,0.0,0.0,0.0,0.0,0.0,0.0,0.0,0.0,0.0,0.0,0.0,0.0,0.0,0.0,0.0,0.0,0.0,0.0,0.0,0.0,0.0,0.0,0.0,0.0,0.0,0.0,0.0,0.0,0.0,0.0,0.0,0.0,0.0,0.0,0.0,0.0,0.0,0.0,0.0,0.0,0.0,0.0,0.0,0.58,0.0]
Total cost: 0
assigning lease 1 to address 00000698
Average Cache Occupancy Per Bin: [0.0,0.0,0.0,0.0,0.0,0.0,0.0,0.0,0.0,0.0,0.0,0.0,0.0,0.0,0.0,0.0,0.0,0.0,0.0,0.0,0.0,0.0,0.0,0.0,0.0,0.0,0.0,0.0,0.0,0.0,0.0,0.0,0.0,0.0,0.0,0.0,0.0,0.0,0.0,0.0,0.0,0.0,0.0,0.0,0.0,0.0,0.0,0.0,0.0,0.0,0.0,0.0,0.0,0.0,0.0,0.0,0.0,0.0,0.0,0.0,0.0,0.0,0.59,0.0]
Total cost: 0
assigning lease 1 to address 0000060c
Average Cache Occupancy Per Bin: [0.0,0.0,0.0,0.0,0.0,0.0,0.0,0.0,0.0,0.0,0.0,0.0,0.0,0.0,0.0,0.0,0.0,0.0,0.0,0.0,0.0,0.0,0.0,0.0,0.0,0.0,0.0,0.0,0.0,0.0,0.0,0.0,0.0,0.0,0.0,0.0,0.0,0.0,0.0,0.0,0.0,0.0,0.0,0.0,0.0,0.0,0.0,0.0,0.0,0.0,0.0,0.0,0.0,0.0,0.0,0.0,0.0,0.0,0.0,0.0,0.0,0.0,0.59,0.0]
Total cost: 0
assigning lease 1 to address 00000808
Average Cache Occupancy Per Bin: [0.0,0.0,0.0,0.0,0.0,0.0,0.0,0.0,0.0,0.0,0.0,0.0,0.0,0.0,0.0,0.0,0.0,0.0,0.0,0.0,0.0,0.0,0.0,0.0,0.0,0.0,0.0,0.0,0.0,0.0,0.0,0.0,0.0,0.0,0.0,0.0,0.0,0.0,0.0,0.0,0.0,0.0,0.0,0.0,0.0,0.0,0.0,0.0,0.0,0.0,0.0,0.0,0.0,0.0,0.0,0.0,0.0,0.0,0.0,0.0,0.0,0.0,0.59,0.0]
Total cost: 0
assigning lease 1 to address 00000668
Average Cache Occupancy Per Bin: [0.0,0.0,0.0,0.0,0.0,0.0,0.0,0.0,0.0,0.0,0.0,0.0,0.0,0.0,0.0,0.0,0.0,0.0,0.0,0.0,0.0,0.0,0.0,0.0,0.0,0.0,0.0,0.0,0.0,0.0,0.0,0.0,0.0,0.0,0.0,0.0,0.0,0.0,0.0,0.0,0.0,0.0,0.0,0.0,0.0,0.0,0.0,0.0,0.0,0.0,0.0,0.0,0.0,0.0,0.0,0.0,0.0,0.0,0.0,0.0,0.0,0.0,0.59,0.0]
Total cost: 0
assigning lease 1 to address 000007e0
Average Cache Occupancy Per Bin: [0.0,0.0,0.0,0.0,0.0,0.0,0.0,0.0,0.0,0.0,0.0,0.0,0.0,0.0,0.0,0.0,0.0,0.0,0.0,0.0,0.0,0.0,0.0,0.0,0.0,0.0,0.0,0.0,0.0,0.0,0.0,0.0,0.0,0.0,0.0,0.0,0.0,0.0,0.0,0.0,0.0,0.0,0.0,0.0,0.0,0.0,0.0,0.0,0.0,0.0,0.0,0.0,0.0,0.0,0.0,0.0,0.0,0.0,0.0,0.0,0.0,0.0,0.59,0.0]
Total cost: 0
assigning lease 1 to address 0000061c
Average Cache Occupancy Per Bin: [0.0,0.0,0.0,0.0,0.0,0.0,0.0,0.0,0.0,0.0,0.0,0.0,0.0,0.0,0.0,0.0,0.0,0.0,0.0,0.0,0.0,0.0,0.0,0.0,0.0,0.0,0.0,0.0,0.0,0.0,0.0,0.0,0.0,0.0,0.0,0.0,0.0,0.0,0.0,0.0,0.0,0.0,0.0,0.0,0.0,0.0,0.0,0.0,0.0,0.0,0.0,0.0,0.0,0.0,0.0,0.0,0.0,0.0,0.0,0.0,0.0,0.0,0.59,0.0]
Total cost: 0
assigning lease 1 to address 00000780
Average Cache Occupancy Per Bin: [0.0,0.0,0.0,0.0,0.0,0.0,0.0,0.0,0.0,0.0,0.0,0.0,0.0,0.0,0.0,0.0,0.0,0.0,0.0,0.0,0.0,0.0,0.0,0.0,0.0,0.0,0.0,0.0,0.0,0.0,0.0,0.0,0.0,0.0,0.0,0.0,0.0,0.0,0.0,0.0,0.0,0.0,0.0,0.0,0.0,0.0,0.0,0.0,0.0,0.0,0.0,0.0,0.0,0.0,0.0,0.0,0.0,0.0,0.0,0.0,0.0,0.0,0.59,0.0]
Total cost: 0
assigning lease 1 to address 000007d4
Average Cache Occupancy Per Bin: [0.0,0.0,0.0,0.0,0.0,0.0,0.0,0.0,0.0,0.0,0.0,0.0,0.0,0.0,0.0,0.0,0.0,0.0,0.0,0.0,0.0,0.0,0.0,0.0,0.0,0.0,0.0,0.0,0.0,0.0,0.0,0.0,0.0,0.0,0.0,0.0,0.0,0.0,0.0,0.0,0.0,0.0,0.0,0.0,0.0,0.0,0.0,0.0,0.0,0.0,0.0,0.0,0.0,0.0,0.0,0.0,0.0,0.0,0.0,0.0,0.0,0.0,0.59,0.0]
Total cost: 0
assigning lease 1 to address 00000770
Average Cache Occupancy Per Bin: [0.0,0.0,0.0,0.0,0.0,0.0,0.0,0.0,0.0,0.0,0.0,0.0,0.0,0.0,0.0,0.0,0.0,0.0,0.0,0.0,0.0,0.0,0.0,0.0,0.0,0.0,0.0,0.0,0.0,0.0,0.0,0.0,0.0,0.0,0.0,0.0,0.0,0.0,0.0,0.0,0.0,0.0,0.0,0.0,0.0,0.0,0.0,0.0,0.0,0.0,0.0,0.0,0.0,0.0,0.0,0.0,0.0,0.0,0.0,0.0,0.0,0.0,0.59,0.0]
Total cost: 0
assigning lease 1 to address 000006cc
Average Cache Occupancy Per Bin: [0.0,0.0,0.0,0.0,0.0,0.0,0.0,0.0,0.0,0.0,0.0,0.0,0.0,0.0,0.0,0.0,0.0,0.0,0.0,0.0,0.0,0.0,0.0,0.0,0.0,0.0,0.0,0.0,0.0,0.0,0.0,0.0,0.0,0.0,0.0,0.0,0.0,0.0,0.0,0.0,0.0,0.0,0.0,0.0,0.0,0.0,0.0,0.0,0.0,0.0,0.0,0.0,0.0,0.0,0.0,0.0,0.0,0.0,0.0,0.0,0.0,0.0,0.59,0.0]
Total cost: 0
assigning lease 1 to address 00000758
Average Cache Occupancy Per Bin: [0.0,0.0,0.0,0.0,0.0,0.0,0.0,0.0,0.0,0.0,0.0,0.0,0.0,0.0,0.0,0.0,0.0,0.0,0.0,0.0,0.0,0.0,0.0,0.0,0.0,0.0,0.0,0.0,0.0,0.0,0.0,0.0,0.0,0.0,0.0,0.0,0.0,0.0,0.0,0.0,0.0,0.0,0.0,0.0,0.0,0.0,0.0,0.0,0.0,0.0,0.0,0.0,0.0,0.0,0.0,0.0,0.0,0.0,0.0,0.0,0.0,0.0,0.59,0.0]
Total cost: 0
assigning lease 1 to address 0000073c
Average Cache Occupancy Per Bin: [0.0,0.0,0.0,0.0,0.0,0.0,0.0,0.0,0.0,0.0,0.0,0.0,0.0,0.0,0.0,0.0,0.0,0.0,0.0,0.0,0.0,0.0,0.0,0.0,0.0,0.0,0.0,0.0,0.0,0.0,0.0,0.0,0.0,0.0,0.0,0.0,0.0,0.0,0.0,0.0,0.0,0.0,0.0,0.0,0.0,0.0,0.0,0.0,0.0,0.0,0.0,0.0,0.0,0.0,0.0,0.0,0.0,0.0,0.0,0.0,0.0,0.0,0.59,0.0]
Total cost: 0
assigning lease 1 to address 00000674
Average Cache Occupancy Per Bin: [0.0,0.0,0.0,0.0,0.0,0.0,0.0,0.0,0.0,0.0,0.0,0.0,0.0,0.0,0.0,0.0,0.0,0.0,0.0,0.0,0.0,0.0,0.0,0.0,0.0,0.0,0.0,0.0,0.0,0.0,0.0,0.0,0.0,0.0,0.0,0.0,0.0,0.0,0.0,0.0,0.0,0.0,0.0,0.0,0.0,0.0,0.0,0.0,0.0,0.0,0.0,0.0,0.0,0.0,0.0,0.0,0.0,0.0,0.0,0.0,0.0,0.0,0.59,0.0]
Total cost: 0
assigning lease 1 to address 0000072c
Average Cache Occupancy Per Bin: [0.0,0.0,0.0,0.0,0.0,0.0,0.0,0.0,0.0,0.0,0.0,0.0,0.0,0.0,0.0,0.0,0.0,0.0,0.0,0.0,0.0,0.0,0.0,0.0,0.0,0.0,0.0,0.0,0.0,0.0,0.0,0.0,0.0,0.0,0.0,0.0,0.0,0.0,0.0,0.0,0.0,0.0,0.0,0.0,0.0,0.0,0.0,0.0,0.0,0.0,0.0,0.0,0.0,0.0,0.0,0.0,0.0,0.0,0.0,0.0,0.0,0.0,0.59,0.0]
Total cost: 0
assigning lease 1 to address 00000888
Average Cache Occupancy Per Bin: [0.0,0.0,0.0,0.0,0.0,0.0,0.0,0.0,0.0,0.0,0.0,0.0,0.0,0.0,0.0,0.0,0.0,0.0,0.0,0.0,0.0,0.0,0.0,0.0,0.0,0.0,0.0,0.0,0.0,0.0,0.0,0.0,0.0,0.0,0.0,0.0,0.0,0.0,0.0,0.0,0.0,0.0,0.0,0.0,0.0,0.0,0.0,0.0,0.0,0.0,0.0,0.0,0.0,0.0,0.0,0.0,0.0,0.0,0.0,0.0,0.0,0.0,0.60,0.0]
Total cost: 0
assigning lease 1 to address 00000700
Average Cache Occupancy Per Bin: [0.0,0.0,0.0,0.0,0.0,0.0,0.0,0.0,0.0,0.0,0.0,0.0,0.0,0.0,0.0,0.0,0.0,0.0,0.0,0.0,0.0,0.0,0.0,0.0,0.0,0.0,0.0,0.0,0.0,0.0,0.0,0.0,0.0,0.0,0.0,0.0,0.0,0.0,0.0,0.0,0.0,0.0,0.0,0.0,0.0,0.0,0.0,0.0,0.0,0.0,0.0,0.0,0.0,0.0,0.0,0.0,0.0,0.0,0.0,0.0,0.0,0.0,0.60,0.0]
Total cost: 0
assigning lease 1 to address 00000954
Average Cache Occupancy Per Bin: [0.0,0.0,0.0,0.0,0.0,0.0,0.0,0.0,0.0,0.0,0.0,0.0,0.0,0.0,0.0,0.0,0.0,0.0,0.0,0.0,0.0,0.0,0.0,0.0,0.0,0.0,0.0,0.0,0.0,0.0,0.0,0.0,0.0,0.0,0.0,0.0,0.0,0.0,0.0,0.0,0.0,0.0,0.0,0.0,0.0,0.0,0.0,0.0,0.0,0.0,0.0,0.0,0.0,0.0,0.0,0.0,0.0,0.0,0.0,0.0,0.0,0.0,0.60,0.0]
Total cost: 0
assigning lease 1 to address 00000864
Average Cache Occupancy Per Bin: [0.0,0.0,0.0,0.0,0.0,0.0,0.0,0.0,0.0,0.0,0.0,0.0,0.0,0.0,0.0,0.0,0.0,0.0,0.0,0.0,0.0,0.0,0.0,0.0,0.0,0.0,0.0,0.0,0.0,0.0,0.0,0.0,0.0,0.0,0.0,0.0,0.0,0.0,0.0,0.0,0.0,0.0,0.0,0.0,0.0,0.0,0.0,0.0,0.0,0.0,0.0,0.0,0.0,0.0,0.0,0.0,0.0,0.0,0.0,0.0,0.0,0.0,0.60,0.0]
Total cost: 0
assigning lease 1 to address 00000858
Average Cache Occupancy Per Bin: [0.0,0.0,0.0,0.0,0.0,0.0,0.0,0.0,0.0,0.0,0.0,0.0,0.0,0.0,0.0,0.0,0.0,0.0,0.0,0.0,0.0,0.0,0.0,0.0,0.0,0.0,0.0,0.0,0.0,0.0,0.0,0.0,0.0,0.0,0.0,0.0,0.0,0.0,0.0,0.0,0.0,0.0,0.0,0.0,0.0,0.0,0.0,0.0,0.0,0.0,0.0,0.0,0.0,0.0,0.0,0.0,0.0,0.0,0.0,0.0,0.0,0.0,0.60,0.0]
Total cost: 0
assigning lease 1 to address 0000096c
Average Cache Occupancy Per Bin: [0.0,0.0,0.0,0.0,0.0,0.0,0.0,0.0,0.0,0.0,0.0,0.0,0.0,0.0,0.0,0.0,0.0,0.0,0.0,0.0,0.0,0.0,0.0,0.0,0.0,0.0,0.0,0.0,0.0,0.0,0.0,0.0,0.0,0.0,0.0,0.0,0.0,0.0,0.0,0.0,0.0,0.0,0.0,0.0,0.0,0.0,0.0,0.0,0.0,0.0,0.0,0.0,0.0,0.0,0.0,0.0,0.0,0.0,0.0,0.0,0.0,0.0,0.60,0.0]
Total cost: 0
assigning lease 1 to address 00000974
Average Cache Occupancy Per Bin: [0.0,0.0,0.0,0.0,0.0,0.0,0.0,0.0,0.0,0.0,0.0,0.0,0.0,0.0,0.0,0.0,0.0,0.0,0.0,0.0,0.0,0.0,0.0,0.0,0.0,0.0,0.0,0.0,0.0,0.0,0.0,0.0,0.0,0.0,0.0,0.0,0.0,0.0,0.0,0.0,0.0,0.0,0.0,0.0,0.0,0.0,0.0,0.0,0.0,0.0,0.0,0.0,0.0,0.0,0.0,0.0,0.0,0.0,0.0,0.0,0.0,0.0,0.60,0.0]
Total cost: 0
assigning lease 2 to address 000007f4
Average Cache Occupancy Per Bin: [0.0,0.0,0.0,0.0,0.0,0.0,0.0,0.0,0.0,0.0,0.0,0.0,0.0,0.0,0.0,0.0,0.0,0.0,0.0,0.0,0.0,0.0,0.0,0.0,0.0,0.0,0.0,0.0,0.0,0.0,0.0,0.0,0.0,0.0,0.0,0.0,0.0,0.0,0.0,0.0,0.0,0.0,0.0,0.0,0.0,0.0,0.0,0.0,0.0,0.0,0.0,0.0,0.0,0.0,0.0,0.0,0.0,0.0,0.0,0.0,0.0,0.0,0.60,0.0]
Total cost: 0
assigning lease 2 to address 00000654
Average Cache Occupancy Per Bin: [0.0,0.0,0.0,0.0,0.0,0.0,0.0,0.0,0.0,0.0,0.0,0.0,0.0,0.0,0.0,0.0,0.0,0.0,0.0,0.0,0.0,0.0,0.0,0.0,0.0,0.0,0.0,0.0,0.0,0.0,0.0,0.0,0.0,0.0,0.0,0.0,0.0,0.0,0.0,0.0,0.0,0.0,0.0,0.0,0.0,0.0,0.0,0.0,0.0,0.0,0.0,0.0,0.0,0.0,0.0,0.0,0.0,0.0,0.0,0.0,0.0,0.0,0.60,0.0]
Total cost: 0
assigning lease 2 to address 000008f8
Average Cache Occupancy Per Bin: [0.0,0.0,0.0,0.0,0.0,0.0,0.0,0.0,0.0,0.0,0.0,0.0,0.0,0.0,0.0,0.0,0.0,0.0,0.0,0.0,0.0,0.0,0.0,0.0,0.0,0.0,0.0,0.0,0.0,0.0,0.0,0.0,0.0,0.0,0.0,0.0,0.0,0.0,0.0,0.0,0.0,0.0,0.0,0.0,0.0,0.0,0.0,0.0,0.0,0.0,0.0,0.0,0.0,0.0,0.0,0.0,0.0,0.0,0.0,0.0,0.0,0.0,0.70,0.0]
Total cost: 0
assigning lease 2 to address 000006bc
Average Cache Occupancy Per Bin: [0.0,0.0,0.0,0.0,0.0,0.0,0.0,0.0,0.0,0.0,0.0,0.0,0.0,0.0,0.0,0.0,0.0,0.0,0.0,0.0,0.0,0.0,0.0,0.0,0.0,0.0,0.0,0.0,0.0,0.0,0.0,0.0,0.0,0.0,0.0,0.0,0.0,0.0,0.0,0.0,0.0,0.0,0.0,0.0,0.0,0.0,0.0,0.0,0.0,0.0,0.0,0.0,0.0,0.0,0.0,0.0,0.0,0.0,0.0,0.0,0.0,0.0,0.70,0.0]
Total cost: 0
assigning lease 2 to address 0000092c
Average Cache Occupancy Per Bin: [0.0,0.0,0.0,0.0,0.0,0.0,0.0,0.0,0.0,0.0,0.0,0.0,0.0,0.0,0.0,0.0,0.0,0.0,0.0,0.0,0.0,0.0,0.0,0.0,0.0,0.0,0.0,0.0,0.0,0.0,0.0,0.0,0.0,0.0,0.0,0.0,0.0,0.0,0.0,0.0,0.0,0.0,0.0,0.0,0.0,0.0,0.0,0.0,0.0,0.0,0.0,0.0,0.0,0.0,0.0,0.0,0.0,0.0,0.0,0.0,0.0,0.0,0.80,0.0]
Total cost: 0
assigning lease 2 to address 000007a0
Average Cache Occupancy Per Bin: [0.0,0.0,0.0,0.0,0.0,0.0,0.0,0.0,0.0,0.0,0.0,0.0,0.0,0.0,0.0,0.0,0.0,0.0,0.0,0.0,0.0,0.0,0.0,0.0,0.0,0.0,0.0,0.0,0.0,0.0,0.0,0.0,0.0,0.0,0.0,0.0,0.0,0.0,0.0,0.0,0.0,0.0,0.0,0.0,0.0,0.0,0.0,0.0,0.0,0.0,0.0,0.0,0.0,0.0,0.0,0.0,0.0,0.0,0.0,0.0,0.0,0.0,0.80,0.0]
Total cost: 0
assigning lease 2 to address 000008d0
Average Cache Occupancy Per Bin: [0.0,0.0,0.0,0.0,0.0,0.0,0.0,0.0,0.0,0.0,0.0,0.0,0.0,0.0,0.0,0.0,0.0,0.0,0.0,0.0,0.0,0.0,0.0,0.0,0.0,0.0,0.0,0.0,0.0,0.0,0.0,0.0,0.0,0.0,0.0,0.0,0.0,0.0,0.0,0.0,0.0,0.0,0.0,0.0,0.0,0.0,0.0,0.0,0.0,0.0,0.0,0.0,0.0,0.0,0.0,0.0,0.0,0.0,0.0,0.0,0.0,0.0,0.89,0.0]
Total cost: 0
assigning lease 2 to address 000007b4
Average Cache Occupancy Per Bin: [0.0,0.0,0.0,0.0,0.0,0.0,0.0,0.0,0.0,0.0,0.0,0.0,0.0,0.0,0.0,0.0,0.0,0.0,0.0,0.0,0.0,0.0,0.0,0.0,0.0,0.0,0.0,0.0,0.0,0.0,0.0,0.0,0.0,0.0,0.0,0.0,0.0,0.0,0.0,0.0,0.0,0.0,0.0,0.0,0.0,0.0,0.0,0.0,0.0,0.0,0.0,0.0,0.0,0.0,0.0,0.0,0.0,0.0,0.0,0.0,0.0,0.0,0.89,0.0]
Total cost: 0
assigning lease 2 to address 00000714
Average Cache Occupancy Per Bin: [0.0,0.0,0.0,0.0,0.0,0.0,0.0,0.0,0.0,0.0,0.0,0.0,0.0,0.0,0.0,0.0,0.0,0.0,0.0,0.0,0.0,0.0,0.0,0.0,0.0,0.0,0.0,0.0,0.0,0.0,0.0,0.0,0.0,0.0,0.0,0.0,0.0,0.0,0.0,0.0,0.0,0.0,0.0,0.0,0.0,0.0,0.0,0.0,0.0,0.0,0.0,0.0,0.0,0.0,0.0,0.0,0.0,0.0,0.0,0.0,0.0,0.0,0.89,0.0]
Total cost: 0
assigning lease 2 to address 00000630
Average Cache Occupancy Per Bin: [0.0,0.0,0.0,0.0,0.0,0.0,0.0,0.0,0.0,0.0,0.0,0.0,0.0,0.0,0.0,0.0,0.0,0.0,0.0,0.0,0.0,0.0,0.0,0.0,0.0,0.0,0.0,0.0,0.0,0.0,0.0,0.0,0.0,0.0,0.0,0.0,0.0,0.0,0.0,0.0,0.0,0.0,0.0,0.0,0.0,0.0,0.0,0.0,0.0,0.0,0.0,0.0,0.0,0.0,0.0,0.0,0.0,0.0,0.0,0.0,0.0,0.0,0.90,0.0]
Total cost: 0
assigning lease 2 to address 00000760
Average Cache Occupancy Per Bin: [0.0,0.0,0.0,0.0,0.0,0.0,0.0,0.0,0.0,0.0,0.0,0.0,0.0,0.0,0.0,0.0,0.0,0.0,0.0,0.0,0.0,0.0,0.0,0.0,0.0,0.0,0.0,0.0,0.0,0.0,0.0,0.0,0.0,0.0,0.0,0.0,0.0,0.0,0.0,0.0,0.0,0.0,0.0,0.0,0.0,0.0,0.0,0.0,0.0,0.0,0.0,0.0,0.0,0.0,0.0,0.0,0.0,0.0,0.0,0.0,0.0,0.0,0.90,0.0]
Total cost: 0
assigning lease 2 to address 00000788
Average Cache Occupancy Per Bin: [0.0,0.0,0.0,0.0,0.0,0.0,0.0,0.0,0.0,0.0,0.0,0.0,0.0,0.0,0.0,0.0,0.0,0.0,0.0,0.0,0.0,0.0,0.0,0.0,0.0,0.0,0.0,0.0,0.0,0.0,0.0,0.0,0.0,0.0,0.0,0.0,0.0,0.0,0.0,0.0,0.0,0.0,0.0,0.0,0.0,0.0,0.0,0.0,0.0,0.0,0.0,0.0,0.0,0.0,0.0,0.0,0.0,0.0,0.0,0.0,0.0,0.0,0.90,0.0]
Total cost: 0
assigning lease 2 to address 00000688
Average Cache Occupancy Per Bin: [0.0,0.0,0.0,0.0,0.0,0.0,0.0,0.0,0.0,0.0,0.0,0.0,0.0,0.0,0.0,0.0,0.0,0.0,0.0,0.0,0.0,0.0,0.0,0.0,0.0,0.0,0.0,0.0,0.0,0.0,0.0,0.0,0.0,0.0,0.0,0.0,0.0,0.0,0.0,0.0,0.0,0.0,0.0,0.0,0.0,0.0,0.0,0.0,0.0,0.0,0.0,0.0,0.0,0.0,0.0,0.0,0.0,0.0,0.0,0.0,0.0,0.0,0.90,0.0]
Total cost: 0
assigning lease 2 to address 000008ac
Average Cache Occupancy Per Bin: [0.0,0.0,0.0,0.0,0.0,0.0,0.0,0.0,0.0,0.0,0.0,0.0,0.0,0.0,0.0,0.0,0.0,0.0,0.0,0.0,0.0,0.0,0.0,0.0,0.0,0.0,0.0,0.0,0.0,0.0,0.0,0.0,0.0,0.0,0.0,0.0,0.0,0.0,0.0,0.0,0.0,0.0,0.0,0.0,0.0,0.0,0.0,0.0,0.0,0.0,0.0,0.0,0.0,0.0,0.0,0.0,0.0,0.0,0.0,0.0,0.0,0.0,0.99,0.0]
Total cost: 0
assigning lease 2 to address 000006e4
Average Cache Occupancy Per Bin: [0.0,0.0,0.0,0.0,0.0,0.0,0.0,0.0,0.0,0.0,0.0,0.0,0.0,0.0,0.0,0.0,0.0,0.0,0.0,0.0,0.0,0.0,0.0,0.0,0.0,0.0,0.0,0.0,0.0,0.0,0.0,0.0,0.0,0.0,0.0,0.0,0.0,0.0,0.0,0.0,0.0,0.0,0.0,0.0,0.0,0.0,0.0,0.0,0.0,0.0,0.0,0.0,0.0,0.0,0.0,0.0,0.0,0.0,0.0,0.0,0.0,0.0,0.99,0.0]
Total cost: 0
assigning lease 2 to address 00000844
Average Cache Occupancy Per Bin: [0.0,0.0,0.0,0.0,0.0,0.0,0.0,0.0,0.0,0.0,0.0,0.0,0.0,0.0,0.0,0.0,0.0,0.0,0.0,0.0,0.0,0.0,0.0,0.0,0.0,0.0,0.0,0.0,0.0,0.0,0.0,0.0,0.0,0.0,0.0,0.0,0.0,0.0,0.0,0.0,0.0,0.0,0.0,0.0,0.0,0.0,0.0,0.0,0.0,0.0,0.0,0.0,0.0,0.0,0.0,0.0,0.0,0.0,0.0,0.0,0.0,0.0,0.99,0.0]
Total cost: 0
assigning lease 2 to address 0000081c
Average Cache Occupancy Per Bin: [0.0,0.0,0.0,0.0,0.0,0.0,0.0,0.0,0.0,0.0,0.0,0.0,0.0,0.0,0.0,0.0,0.0,0.0,0.0,0.0,0.0,0.0,0.0,0.0,0.0,0.0,0.0,0.0,0.0,0.0,0.0,0.0,0.0,0.0,0.0,0.0,0.0,0.0,0.0,0.0,0.0,0.0,0.0,0.0,0.0,0.0,0.0,0.0,0.0,0.0,0.0,0.0,0.0,0.0,0.0,0.0,0.0,0.0,0.0,0.0,0.0,0.0,0.99,0.0]
Total cost: 0
assigning lease 4 to address 00000664
Average Cache Occupancy Per Bin: [5.15,5.15,1.28,0.00,1.28,2.57,0.00,7.73,6.44,0.00,7.73,6.44,2.57,3.86,6.44,1.28,5.15,9.02,5.15,5.15,9.02,0.00,1.28,6.44,6.44,3.86,3.86,3.86,5.15,2.57,3.86,2.57,5.15,7.73,9.02,3.86,5.15,2.57,7.73,5.15,5.15,7.73,7.73,2.57,3.86,2.57,6.44,3.86,3.86,5.15,6.44,0.00,3.86,3.86,5.15,2.57,7.73,1.28,3.86,3.86,5.15,5.15,0.99,6.44]
Total cost: 1024.0
assigning lease 8 to address 0000063c
Average Cache Occupancy Per Bin: [7.73,0.00,0.00,0.00,6.44,9.02,0.00,0.00,0.00,0.00,0.00,7.73,6.44,3.86,0.00,2.57,0.00,0.00,6.44,0.00,0.00,0.00,5.15,0.00,0.00,0.00,0.00,7.73,0.00,5.15,0.00,6.44,9.02,0.00,0.00,0.00,0.00,5.15,0.00,9.02,6.44,7.73,0.00,6.44,5.15,0.00,0.00,0.00,9.02,6.44,0.00,0.00,7.73,0.00,6.44,0.00,0.00,0.00,0.00,9.02,0.00,0.00,0.99,0.00]
Total cost: 1536.0
assigning lease 6 to address 00000694
Average Cache Occupancy Per Bin: [0.00,0.00,0.00,0.00,0.00,0.00,0.00,0.00,0.00,0.00,0.00,9.66,0.00,9.66,0.00,4.51,0.00,0.00,0.00,0.00,0.00,0.00,0.00,0.00,0.00,0.00,0.00,0.00,0.00,0.00,0.00,0.00,0.00,0.00,0.00,0.00,0.00,0.00,0.00,0.00,0.00,0.00,0.00,0.00,0.00,0.00,0.00,0.00,0.00,0.00,0.00,0.00,0.00,0.00,8.38,0.00,0.00,0.00,0.00,0.00,0.00,0.00,1.00,0.00]
Total cost: 3072.0
assigning lease 8 to address 00000800
Average Cache Occupancy Per Bin: [0.00,0.00,0.00,0.00,0.00,0.00,0.00,0.00,0.00,0.00,0.00,0.00,0.00,0.00,0.00,9.66,0.00,0.00,0.00,0.00,0.00,0.00,0.00,0.00,0.00,0.00,0.00,0.00,0.00,0.00,0.00,0.00,0.00,0.00,0.00,0.00,0.00,0.00,0.00,0.00,0.00,0.00,0.00,0.00,0.00,0.00,0.00,0.00,0.00,0.00,0.00,0.00,0.00,0.00,0.00,0.00,0.00,0.00,0.00,0.00,0.00,0.00,1.00,0.00]
Total cost: 6144.0
assigning lease 8 to address 000006c8
Average Cache Occupancy Per Bin: [0.00,0.00,0.00,0.00,0.00,0.00,0.00,0.00,0.00,0.00,0.00,0.00,0.00,0.00,0.00,0.00,0.00,0.00,0.00,0.00,0.00,0.00,0.00,0.00,0.00,0.00,0.00,0.00,0.00,0.00,0.00,0.00,0.00,0.00,0.00,0.00,0.00,0.00,0.00,0.00,0.00,0.00,0.00,0.00,0.00,0.00,0.00,0.00,0.00,0.00,0.00,0.00,0.00,0.00,0.00,0.00,0.00,0.00,0.00,0.00,0.00,0.00,1.00,0.00]
Total cost: 7168.0
assigning lease 8 to address 00000828
Average Cache Occupancy Per Bin: [0.00,0.00,0.00,0.00,0.00,0.00,0.00,0.00,0.00,0.00,0.00,0.00,0.00,0.00,0.00,0.00,0.00,0.00,0.00,0.00,0.00,0.00,0.00,0.00,0.00,0.00,0.00,0.00,0.00,0.00,0.00,0.00,0.00,0.00,0.00,0.00,0.00,0.00,0.00,0.00,0.00,0.00,0.00,0.00,0.00,0.00,0.00,0.00,0.00,0.00,0.00,0.00,0.00,0.00,0.00,0.00,0.00,0.00,0.00,0.00,0.00,0.00,1.00,0.00]
Total cost: 7680.0
assigning lease 3 to address 000007a8
Average Cache Occupancy Per Bin: [0.00,0.00,0.00,0.00,0.00,0.00,0.00,0.00,0.00,0.00,0.00,0.00,0.00,0.00,0.00,0.00,0.00,0.00,0.00,0.00,0.00,0.00,0.00,0.00,0.00,0.00,0.00,0.00,0.00,0.00,0.00,0.00,0.00,0.00,0.00,0.00,0.00,0.00,0.00,0.00,0.00,0.00,0.00,0.00,0.00,0.00,0.00,0.00,0.00,0.00,0.00,0.00,0.00,0.00,0.00,0.00,0.00,0.00,0.00,0.00,0.00,0.00,1.00,0.00]
Total cost: 35328.0
assigning lease 17 to address 00000938
Average Cache Occupancy Per Bin: [0.00,0.00,0.00,0.00,0.00,0.00,0.00,0.00,0.00,0.00,0.00,0.00,0.00,0.00,0.00,0.00,0.00,0.00,0.00,0.00,0.00,0.00,0.00,0.00,0.00,0.00,0.00,0.00,0.00,0.00,0.00,0.00,0.00,0.00,0.00,0.00,0.00,0.00,0.00,0.00,0.00,0.00,0.00,0.00,0.00,0.00,0.00,0.00,0.00,0.00,0.00,0.00,0.00,0.00,0.00,0.00,0.00,0.00,0.00,0.00,0.00,0.00,1.00,0.00]
Total cost: 156608.0
assigning lease 9 to address 00000720
Average Cache Occupancy Per Bin: [0.00,0.00,0.00,0.00,0.00,0.00,0.00,0.00,0.00,0.00,0.00,0.00,0.00,0.00,0.00,0.00,0.00,0.00,0.00,0.00,0.00,0.00,0.00,0.00,0.00,0.00,0.00,0.00,0.00,0.00,0.00,0.00,0.00,0.00,0.00,0.00,0.00,0.00,0.00,0.00,0.00,0.00,0.00,0.00,0.00,0.00,0.00,0.00,0.00,0.00,0.00,0.00,0.00,0.00,0.00,0.00,0.00,0.00,0.00,0.00,0.00,0.00,1.00,0.00]
Total cost: 156608.0
assigning lease 12 to address 000008b8
Average Cache Occupancy Per Bin: [0.01,0.01,0.01,0.01,0.01,0.01,0.01,0.01,0.01,0.01,0.01,0.01,0.01,0.01,0.01,0.01,0.01,0.01,0.01,0.01,0.01,0.01,0.01,0.01,0.01,0.01,0.01,0.01,0.01,0.01,0.01,0.01,0.01,0.01,0.01,0.01,0.01,0.01,0.01,0.01,0.01,0.01,0.01,0.01,0.01,0.01,0.01,0.01,0.01,0.01,0.01,0.01,0.01,0.01,0.01,0.01,0.01,0.01,0.01,0.01,0.01,0.01,1.01,0.01]
Total cost: 324288.0
assigning lease 13 to address 00000884
Average Cache Occupancy Per Bin: [0.01,0.01,0.01,0.01,0.01,0.01,0.01,0.01,0.01,0.01,0.01,0.01,0.01,0.01,0.01,0.01,0.01,0.01,0.01,0.01,0.01,0.01,0.01,0.01,0.01,0.01,0.01,0.01,0.01,0.01,0.01,0.01,0.01,0.01,0.01,0.01,0.01,0.01,0.01,0.01,0.01,0.01,0.01,0.01,0.01,0.01,0.01,0.01,0.01,0.01,0.01,0.01,0.01,0.01,0.01,0.01,0.01,0.01,0.01,0.01,0.01,0.01,1.01,0.01]
Total cost: 324288.0
assigning lease 14 to address 0000076c
Average Cache Occupancy Per Bin: [0.01,0.01,0.01,0.01,0.01,0.01,0.01,0.01,0.01,0.01,0.01,0.01,0.01,0.01,0.01,0.01,0.01,0.01,0.01,0.01,0.01,0.01,0.01,0.01,0.01,0.01,0.01,0.01,0.01,0.01,0.01,0.01,0.01,0.01,0.01,0.01,0.01,0.01,0.01,0.01,0.01,0.01,0.01,0.01,0.01,0.01,0.01,0.01,0.01,0.01,0.01,0.01,0.01,0.01,0.01,0.01,0.01,0.01,0.01,0.01,0.01,0.01,1.01,0.01]
Total cost: 328768.0
assigning lease 17 to address 000006f0
Average Cache Occupancy Per Bin: [0.01,0.01,0.01,0.01,0.01,0.01,0.01,0.01,0.01,0.01,0.01,0.01,0.01,0.01,0.01,0.01,0.01,0.01,0.01,0.01,0.01,0.01,0.01,0.01,0.01,0.01,0.01,0.01,0.01,0.01,0.01,0.01,0.01,0.01,0.01,0.01,0.01,0.01,0.01,0.01,0.01,0.01,0.01,0.01,0.01,0.01,0.01,0.01,0.01,0.01,0.01,0.01,0.01,0.01,0.01,0.01,0.01,0.01,0.01,0.01,0.01,0.01,1.01,0.01]
Total cost: 332032.0
assigning lease 20 to address 000008dc
Average Cache Occupancy Per Bin: [0.03,0.03,0.03,0.02,0.02,0.03,0.02,0.02,0.03,0.03,0.02,0.02,0.03,0.02,0.02,0.02,0.03,0.03,0.02,0.03,0.03,0.02,0.02,0.02,0.02,0.02,0.02,0.03,0.02,0.02,0.02,0.03,0.03,0.02,0.02,0.02,0.02,0.02,0.02,0.02,0.02,0.02,0.03,0.02,0.02,0.02,0.03,0.02,0.02,0.02,0.03,0.03,0.02,0.02,0.02,0.03,0.02,0.02,0.02,0.02,0.02,0.02,1.03,0.02]
Total cost: 636928.0
assigning lease 35 to address 00000854
Average Cache Occupancy Per Bin: [0.03,0.03,0.03,0.02,0.02,0.03,0.02,0.02,0.03,0.03,0.02,0.02,0.03,0.02,0.02,0.02,0.03,0.03,0.02,0.03,0.03,0.02,0.02,0.02,0.02,0.02,0.02,0.03,0.02,0.02,0.02,0.03,0.03,0.02,0.02,0.02,0.02,0.02,0.02,0.02,0.02,0.02,0.03,0.02,0.02,0.02,0.03,0.02,0.02,0.02,0.03,0.03,0.02,0.02,0.02,0.03,0.02,0.02,0.02,0.02,0.02,0.02,1.03,0.02]
Total cost: 636928.0
assigning lease 38 to address 00000938
Average Cache Occupancy Per Bin: [0.03,0.03,0.03,0.02,0.02,0.03,0.02,0.02,0.03,0.03,0.02,0.02,0.03,0.02,0.02,0.02,0.03,0.03,0.02,0.03,0.03,0.02,0.02,0.02,0.02,0.02,0.02,0.03,0.02,0.02,0.02,0.03,0.03,0.02,0.02,0.02,0.02,0.02,0.02,0.02,0.02,0.02,0.03,0.02,0.02,0.02,0.03,0.02,0.02,0.02,0.03,0.03,0.02,0.02,0.02,0.03,0.02,0.02,0.02,0.02,0.02,0.02,1.03,0.02]
Total cost: 636928.0
assigning lease 53 to address 00000664
Average Cache Occupancy Per Bin: [0.03,0.03,0.03,0.02,0.02,0.03,0.02,0.02,0.03,0.03,0.02,0.02,0.03,0.02,0.02,0.02,0.03,0.03,0.02,0.03,0.03,0.02,0.02,0.02,0.02,0.02,0.02,0.03,0.02,0.02,0.02,0.03,0.03,0.02,0.02,0.02,0.02,0.02,0.02,0.02,0.02,0.02,0.03,0.02,0.02,0.02,0.03,0.02,0.02,0.02,0.03,0.03,0.02,0.02,0.02,0.03,0.02,0.02,0.02,0.02,0.02,0.02,1.03,0.02]
Total cost: 636928.0
assigning lease 93 to address 00000664
Average Cache Occupancy Per Bin: [0.03,0.03,0.03,0.02,0.02,0.03,0.02,0.02,0.03,0.03,0.02,0.02,0.03,0.02,0.02,0.02,0.03,0.03,0.02,0.03,0.03,0.03,0.02,0.02,0.02,0.02,0.02,0.03,0.03,0.02,0.02,0.03,0.03,0.02,0.02,0.02,0.02,0.02,0.02,0.02,0.02,0.02,0.03,0.02,0.02,0.02,0.03,0.02,0.02,0.02,0.03,0.03,0.02,0.02,0.02,0.03,0.02,0.02,0.02,0.02,0.02,0.02,1.03,0.02]
Total cost: 636928.0
assigning lease 78 to address 000006f0
Average Cache Occupancy Per Bin: [0.03,0.03,0.03,0.02,0.02,0.03,0.02,0.02,0.03,0.03,0.02,0.02,0.03,0.02,0.02,0.02,0.03,0.03,0.02,0.03,0.03,0.03,0.02,0.02,0.02,0.02,0.02,0.03,0.03,0.02,0.02,0.03,0.03,0.02,0.02,0.02,0.02,0.02,0.02,0.02,0.02,0.02,0.03,0.02,0.02,0.02,0.03,0.02,0.02,0.02,0.03,0.03,0.02,0.02,0.02,0.03,0.02,0.02,0.02,0.02,0.02,0.02,1.03,0.02]
Total cost: 636928.0
assigning lease 353 to address 00000664
Average Cache Occupancy Per Bin: [0.03,0.03,0.03,0.02,0.02,0.03,0.02,0.02,0.03,0.03,0.02,0.02,0.03,0.02,0.02,0.02,0.03,0.03,0.02,0.03,0.03,0.03,0.02,0.02,0.02,0.02,0.02,0.03,0.03,0.02,0.02,0.03,0.03,0.02,0.02,0.02,0.02,0.02,0.02,0.02,0.02,0.02,0.03,0.02,0.02,0.02,0.03,0.02,0.02,0.02,0.03,0.03,0.02,0.02,0.02,0.03,0.02,0.02,0.02,0.02,0.02,0.02,1.03,0.02]
Total cost: 636928.0
assigning lease 1133 to address 00000664
Average Cache Occupancy Per Bin: [0.03,0.03,0.03,0.03,0.02,0.03,0.02,0.03,0.03,0.03,0.02,0.03,0.03,0.02,0.02,0.02,0.03,0.03,0.02,0.03,0.03,0.03,0.03,0.02,0.02,0.02,0.02,0.03,0.03,0.02,0.02,0.03,0.03,0.02,0.03,0.02,0.02,0.02,0.03,0.02,0.02,0.02,0.03,0.02,0.02,0.02,0.03,0.02,0.02,0.02,0.03,0.03,0.02,0.02,0.02,0.03,0.02,0.02,0.02,0.02,0.02,0.02,1.03,0.02]
Total cost: 636928.0
assigning lease 2233 to address 00000664
Average Cache Occupancy Per Bin: [0.03,0.03,0.03,0.03,0.02,0.03,0.02,0.03,0.03,0.03,0.02,0.03,0.03,0.02,0.02,0.02,0.03,0.03,0.02,0.03,0.03,0.03,0.03,0.02,0.02,0.02,0.02,0.03,0.03,0.02,0.02,0.03,0.03,0.02,0.03,0.02,0.02,0.02,0.03,0.02,0.02,0.03,0.03,0.02,0.02,0.02,0.03,0.02,0.02,0.02,0.03,0.03,0.02,0.02,0.02,0.03,0.03,0.02,0.02,0.02,0.02,0.02,1.03,0.02]
Total cost: 636928.0
assigning lease 3278 to address 000007bc
Average Cache Occupancy Per Bin: [0.07,0.40,0.71,0.03,0.02,0.03,0.02,0.03,0.03,0.03,0.02,0.03,0.03,0.02,0.02,0.02,0.03,0.03,0.02,0.03,0.03,0.03,0.03,0.02,0.02,0.02,0.02,0.03,0.03,0.02,0.02,0.03,0.03,0.02,0.03,0.02,0.02,0.02,0.03,0.02,0.02,0.03,0.03,0.02,0.02,0.02,0.03,0.02,0.02,0.02,0.03,0.03,0.02,0.02,0.02,0.03,0.03,0.02,0.02,0.02,0.02,0.02,1.03,0.02]
Total cost: 1582208.0
assigning lease 458 to address 000006f0
Average Cache Occupancy Per Bin: [0.07,0.40,0.71,0.03,0.02,0.03,0.03,0.03,0.03,0.03,0.02,0.03,0.03,0.02,0.02,0.02,0.03,0.03,0.02,0.03,0.03,0.03,0.03,0.02,0.02,0.02,0.02,0.03,0.03,0.02,0.02,0.03,0.03,0.02,0.03,0.02,0.02,0.02,0.03,0.02,0.02,0.03,0.03,0.02,0.02,0.02,0.03,0.02,0.02,0.02,0.03,0.03,0.02,0.02,0.02,0.03,0.03,0.02,0.02,0.02,0.02,0.02,1.03,0.02]
Total cost: 1582208.0
assigning lease 3498 to address 000006f0
Average Cache Occupancy Per Bin: [0.07,0.40,0.71,0.03,0.02,0.03,0.03,0.03,0.03,0.03,0.02,0.03,0.03,0.02,0.02,0.03,0.03,0.03,0.02,0.03,0.03,0.03,0.03,0.02,0.02,0.03,0.03,0.03,0.03,0.03,0.02,0.03,0.03,0.02,0.03,0.02,0.02,0.02,0.03,0.02,0.02,0.03,0.03,0.02,0.02,0.02,0.03,0.02,0.02,0.02,0.03,0.03,0.02,0.02,0.02,0.03,0.04,0.02,0.02,0.02,0.02,0.02,1.03,0.02]
Total cost: 1582208.0
assigning lease 2621 to address 00000798
Average Cache Occupancy Per Bin: [0.10,0.44,0.71,0.04,0.04,0.03,0.07,0.04,0.05,0.05,0.03,0.04,0.05,0.06,0.04,0.04,0.05,0.04,0.03,0.06,0.04,0.04,0.04,0.03,0.04,0.03,0.05,0.05,0.03,0.03,0.05,0.04,0.06,0.06,0.04,0.04,0.05,0.06,0.05,0.03,0.04,0.07,0.04,0.04,0.04,0.05,0.03,0.03,0.03,0.03,0.07,0.04,0.04,0.05,0.04,0.03,0.07,0.02,0.02,0.03,0.05,0.05,1.03,0.04]
Total cost: 2097216.0
assigning lease 3358 to address 000008dc
Average Cache Occupancy Per Bin: [0.22,0.56,0.82,0.10,0.14,0.17,0.14,0.11,0.13,0.12,0.12,0.16,0.14,0.13,0.11,0.07,0.13,0.12,0.11,0.17,0.14,0.14,0.14,0.13,0.13,0.06,0.10,0.15,0.06,0.12,0.11,0.11,0.12,0.10,0.16,0.12,0.13,0.13,0.12,0.06,0.13,0.15,0.10,0.10,0.11,0.14,0.10,0.13,0.09,0.09,0.13,0.10,0.09,0.14,0.11,0.08,0.13,0.10,0.11,0.09,0.11,0.10,1.07,0.09]
Total cost: 4379200.0
assigning lease 3458 to address 000007a8
Average Cache Occupancy Per Bin: [0.89,0.75,0.82,0.10,0.14,0.17,0.14,0.11,0.13,0.12,0.12,0.16,0.14,0.13,0.11,0.07,0.13,0.12,0.11,0.17,0.14,0.14,0.14,0.13,0.13,0.06,0.10,0.15,0.06,0.12,0.11,0.11,0.12,0.10,0.16,0.12,0.13,0.13,0.12,0.06,0.13,0.15,0.10,0.10,0.11,0.14,0.10,0.13,0.09,0.09,0.13,0.10,0.09,0.14,0.11,0.08,0.13,0.10,0.11,0.09,0.11,0.10,1.07,0.09]
Total cost: 17764352.0
assigning lease 2801 to address 00000798
Average Cache Occupancy Per Bin: [0.89,0.75,0.82,0.10,0.14,0.17,0.14,0.11,0.13,0.12,0.12,0.16,0.14,0.13,0.11,0.07,0.13,0.12,0.11,0.17,0.14,0.14,0.14,0.13,0.13,0.06,0.10,0.15,0.06,0.12,0.11,0.11,0.12,0.10,0.16,0.12,0.14,0.13,0.12,0.06,0.13,0.15,0.10,0.10,0.11,0.14,0.10,0.13,0.09,0.09,0.13,0.10,0.09,0.14,0.12,0.08,0.13,0.10,0.11,0.09,0.11,0.10,1.07,0.09]
Total cost: 17775872.0
addr: 00000904 ri: 3498
bin target: 39711488.0
num_full_bins: 0
printing bin ranks sorted:
	selecting this^ bin
acceptable_ratio: 0.6650625975054137
Assigning 00000904 dual lease lease 3498 * 0.6650625975054137. Bin saturation: [2.0,1.48,1.64,1.17,1.11,0.90,1.15,1.32,0.91,1.06,1.23,1.14,0.98,1.03,1.13,1.12,0.99,0.88,1.15,1.17,0.93,1.02,1.28,0.95,1.06,1.15,1.20,0.98,0.98,1.25,1.20,1.02,0.89,1.25,1.08,1.00,1.15,1.26,1.07,0.91,1.09,1.29,0.97,0.95,1.23,1.23,0.88,1.10,1.25,1.01,0.95,1.04,1.16,1.05,0.95,1.10,1.38,1.00,0.88,1.14,1.11,1.03,1.94,1.22]
addr: 00000798 ri: 2981
bin target: 39711488.0
num_full_bins: 1
printing bin ranks sorted:
acceptable_ratio: 0
addr: 00000904 ri: 3518
bin target: 39711488.0
num_full_bins: 1
printing bin ranks sorted:
acceptable_ratio: 0
addr: 00000904 ri: 3578
bin target: 39711488.0
num_full_bins: 1
printing bin ranks sorted:
acceptable_ratio: 0
addr: 00000798 ri: 3401
bin target: 39711488.0
num_full_bins: 1
printing bin ranks sorted:
acceptable_ratio: 0
addr: 00000904 ri: 3598
bin target: 39711488.0
num_full_bins: 1
printing bin ranks sorted:
acceptable_ratio: 0
assigning lease 14732 to address 000008dc
Average Cache Occupancy Per Bin: [2.0,1.48,1.64,1.21,1.15,0.90,1.15,1.32,0.95,1.06,1.27,1.18,0.98,1.03,1.13,1.12,0.99,0.88,1.15,1.17,0.93,1.02,1.32,0.99,1.06,1.15,1.20,0.98,0.98,1.27,1.20,1.02,0.89,1.25,1.08,1.01,1.15,1.30,1.07,0.91,1.12,1.29,0.97,0.95,1.23,1.23,0.88,1.10,1.29,1.01,0.95,1.08,1.16,1.05,0.98,1.10,1.38,1.00,0.91,1.14,1.11,1.03,1.98,1.22]
Total cost: 39711488.0
addr: 000008dc ri: 150180
bin target: 39711488.0
num_full_bins: 1
printing bin ranks sorted:
acceptable_ratio: 0
addr: 00000798 ri: 5755
bin target: 39711488.0
num_full_bins: 1
printing bin ranks sorted:
acceptable_ratio: 0
addr: 000007bc ri: 91955
bin target: 39711488.0
num_full_bins: 1
printing bin ranks sorted:
acceptable_ratio: 0
assigning lease 202752 to address 00000938
Average Cache Occupancy Per Bin: [2.0,1.48,1.64,1.45,1.15,0.90,1.15,1.32,0.95,1.06,1.27,1.18,0.98,1.03,1.13,1.12,0.99,0.88,1.15,1.17,0.93,1.02,1.32,0.99,1.06,1.15,1.20,0.98,0.98,1.27,1.20,1.02,1.54,1.25,1.08,1.01,1.15,1.30,1.07,0.91,1.12,1.29,0.97,0.95,1.23,1.23,0.88,1.10,1.29,1.01,0.95,1.08,1.16,1.05,0.98,1.10,1.38,1.00,0.91,1.14,1.11,1.03,1.98,1.22]
Total cost: 39711488.0
addr: 00000798 ri: 299043
bin target: 39711488.0
num_full_bins: 1
printing bin ranks sorted:
acceptable_ratio: 0
addr: 00000904 ri: 318157
bin target: 39711488.0
num_full_bins: 1
printing bin ranks sorted:
acceptable_ratio: 0
Final saturation:
	0,2.0
	1,1.4898359715694607
	2,1.640419446119161
	3,1.4563464931212349
	4,1.1534222199977775
	5,0.9010228201972924
	6,1.156498367682054
	7,1.3294779111231487
	8,0.9515724917627004
	9,1.0609819159178167
	10,1.2703714391500178
	11,1.1860369677445828
	12,0.9837317713767711
	13,1.0334316752994543
	14,1.1367677494482984
	15,1.1233914645236691
	16,0.9962822279452127
	17,0.8874881592557808
	18,1.1583221358501556
	19,1.1786303684523973
	20,0.9305129952012621
	21,1.0204340590589847
	22,1.3233926990494913
	23,0.9910853655046362
	24,1.0652577302851545
	25,1.158572996754967
	26,1.2012820245825127
	27,0.9841296017273818
	28,0.9847139300067946
	29,1.2705231810122328
	30,1.2093881755065288
	31,1.0279087681201304
	32,1.5495291425442888
	33,1.2572881074216875
	34,1.0828311699413895
	35,1.0132071073384266
	36,1.1521372688809164
	37,1.300627749603387
	38,1.073072815669406
	39,0.9179402073805752
	40,1.127395432458211
	41,1.2968514643739826
	42,0.9741358579889872
	43,0.9583788274098235
	44,1.2397471032951555
	45,1.2392827206992465
	46,0.8865573700362336
	47,1.1040932100750689
	48,1.2961676314799948
	49,1.010215416804392
	50,0.9570026162690404
	51,1.082333900347316
	52,1.161059881654079
	53,1.0585676706579907
	54,0.9898678468789902
	55,1.1088894998806542
	56,1.3809273797965738
	57,1.0027448560944523
	58,0.9180759697460105
	59,1.1442977967444903
	60,1.1156727153190098
	61,1.0332658020691114
	62,1.98373151587154
	63,1.2205146328499432
Dump single leases (last one may be dual)
00000904 daa percentage 0.6650625975054137
00000904 0 percentage 0.33493740249458626
00000978 1
000006dc 1
00000814 1
00000890 1
00000734 1
00000744 1
000007f4 2
0000082c 1
00000654 2
000008bc 1
000008f8 2
00000664 8b9
000006f4 1
000007b0 1
000006bc 2
00000724 1
000006a0 1
00000604 1
000008e0 1
00000800 8
000007a8 d82
0000092c 2
000007a0 2
000008b8 c
00000960 1
0000094c 1
0000064c 1
00000948 1
000008d0 2
00000694 6
000008f0 1
00000938 31800
00000628 1
00000798 af1
00000898 1
0000093c 1
000007b4 2
000008dc 398c
0000063c 8
00000714 2
00000614 1
00000630 2
00000640 1
0000090c 1
00000918 1
000008c8 1
000006b4 1
00000964 1
000006a8 1
000008a4 1
000007bc cce
00000760 2
0000095c 1
0000074c 1
00000788 2
0000079c 1
00000944 1
00000698 1
0000076c e
0000060c 1
00000808 1
00000668 1
000007e0 1
0000061c 1
00000688 2
000008ac 2
000006f0 daa
00000780 1
000007d4 1
00000720 9
00000770 1
000006cc 1
00000758 1
000006c8 8
0000073c 1
00000674 1
0000072c 1
000006e4 2
00000888 1
00000700 1
00000844 2
00000954 1
00000864 1
00000858 1
00000884 d
0000081c 2
0000096c 1
00000828 8
00000854 23
00000974 1
Dump dual leases

