sample rate: 0.015625
len(carl_order):
107
Printing carl assignment order:
00000924,1,1.0
0000092c,1,1.0
00000944,1,1.0
0000093c,1,1.0
00000878,1,1.0
000009a8,1,1.0
000009cc,1,1.0
00000a24,1,1.0
000009b4,1,1.0
000009e4,1,1.0
00000a08,1,1.0
00000a4c,1,1.0
00000a30,1,1.0
00000a54,1,1.0
000009fc,1,1.0
0000097c,1,1.0
00000a64,1,1.0
00000974,1,1.0
00000988,1,1.0
00000a6c,1,1.0
000009a0,1,1.0
00000a84,1,1.0
00000a7c,1,1.0
00000b40,1,1.0
00000b4c,1,1.0
00000b24,1,1.0
00000b18,1,1.0
00000ad0,1,1.0
00000b70,1,1.0
00000b68,1,1.0
00000adc,1,1.0
00000b88,1,1.0
00000b80,1,1.0
00000ab0,1,1.0
00000ac8,1,1.0
00000aa4,1,1.0
00000ba0,1,1.0
00000894,2,0.5
000008a4,2,0.5
000008c4,2,0.5
00000914,2,0.5
000008e8,2,0.5
000008fc,2,0.5
00000880,2,0.5
000008d4,2,0.5
00000930,2,0.5
00000948,2,0.5
0000094c,2,0.5
00000868,2,0.5
00000854,2,0.5
00000960,2,0.5
000009ec,2,0.5
00000a58,2,0.5
00000a3c,2,0.5
00000a10,2,0.5
000009bc,2,0.5
00000990,2,0.5
00000a70,2,0.5
00000a88,2,0.5
00000b74,2,0.5
00000af4,2,0.5
00000b58,2,0.5
00000ae4,2,0.5
00000b08,2,0.5
00000b2c,2,0.5
00000ab8,2,0.5
00000b8c,2,0.5
00000934,4,0.48985959438377535
00000a8c,3,0.3333333333333333
00000ba8,3,0.3333333333333333
000008bc,4,0.25
000008e0,4,0.25
0000088c,4,0.25
00000860,5,0.2
00000b78,6,0.16761448668063453
00000908,6,0.16666666666666666
00000874,7,0.14285714285714285
0000099c,7,0.14285714285714285
00000a74,7,0.14285714285714285
00000b90,7,0.14285714285714285
00000ac4,7,0.14285714285714285
00000a48,12,0.12409617812464134
00000920,12,0.12373265741728923
00000b64,12,0.12346962346962347
0000081c,9,0.1111111111111111
000008a0,12,0.08333333333333333
000009c8,12,0.08333333333333333
00000af0,12,0.08333333333333333
00000920,19,0.07142857142857142
00000b00,14,0.07142857142857142
00000a5c,20,0.050442641091848026
000009f8,20,0.046848302932348186
000008d0,20,0.04627429805615551
00000b14,20,0.045949021392808376
00000a48,19,0.02857142857142857
00000b14,991,0.001305714159252866
000008d0,1151,0.001038477515038693
00000b38,1038,0.0009329089150877737
000008f4,1238,0.0007729529563478761
000009f8,1311,0.0007604066473160199
00000a1c,1638,0.0005789813213336249
000008f4,52080,2.3491340762092066e-05
00000b38,59656,1.7637180910134232e-05
00000a1c,88612,1.1376868736725046e-05
00000a48,191168,1.3078802400221816e-06
00000a48,3690235,4.1005986190550716e-07
00000920,8003671,1.249429635371453e-07
TRACE LENGTH: 10785152.0
assigning lease 1 to address 00000924
Average Cache Occupancy Per Bin: [0.0,0.0,0.0,0.0,0.0,0.0,0.0,0.0,0.0,0.0,0.0,0.0,0.0,0.0,0.0,0.0,0.0,0.0,0.0,0.0,0.0,0.0,0.0,0.0,0.0,0.0,0.0,0.0,0.0,0.0,0.01,0.0]
Total cost: 0
assigning lease 1 to address 0000092c
Average Cache Occupancy Per Bin: [0.0,0.0,0.0,0.0,0.0,0.0,0.0,0.0,0.0,0.0,0.0,0.0,0.0,0.0,0.0,0.0,0.0,0.0,0.0,0.0,0.0,0.0,0.0,0.0,0.0,0.0,0.0,0.0,0.0,0.0,0.02,0.0]
Total cost: 0
assigning lease 1 to address 00000944
Average Cache Occupancy Per Bin: [0.0,0.0,0.0,0.0,0.0,0.0,0.0,0.0,0.0,0.0,0.0,0.0,0.0,0.0,0.0,0.0,0.0,0.0,0.0,0.0,0.0,0.0,0.0,0.0,0.0,0.0,0.0,0.0,0.0,0.0,0.02,0.0]
Total cost: 0
assigning lease 1 to address 0000093c
Average Cache Occupancy Per Bin: [0.0,0.0,0.0,0.0,0.0,0.0,0.0,0.0,0.0,0.0,0.0,0.0,0.0,0.0,0.0,0.0,0.0,0.0,0.0,0.0,0.0,0.0,0.0,0.0,0.0,0.0,0.0,0.0,0.0,0.0,0.02,0.0]
Total cost: 0
assigning lease 1 to address 00000878
Average Cache Occupancy Per Bin: [0.0,0.0,0.0,0.0,0.0,0.0,0.0,0.0,0.0,0.0,0.0,0.0,0.0,0.0,0.0,0.0,0.0,0.0,0.0,0.0,0.0,0.0,0.0,0.0,0.0,0.0,0.0,0.0,0.0,0.0,0.02,0.0]
Total cost: 0
assigning lease 1 to address 000009a8
Average Cache Occupancy Per Bin: [0.0,0.0,0.0,0.0,0.0,0.0,0.0,0.0,0.0,0.0,0.0,0.0,0.0,0.0,0.0,0.0,0.0,0.0,0.0,0.0,0.0,0.0,0.0,0.0,0.0,0.0,0.0,0.0,0.0,0.0,0.04,0.0]
Total cost: 0
assigning lease 1 to address 000009cc
Average Cache Occupancy Per Bin: [0.0,0.0,0.0,0.0,0.0,0.0,0.0,0.0,0.0,0.0,0.0,0.0,0.0,0.0,0.0,0.0,0.0,0.0,0.0,0.0,0.0,0.0,0.0,0.0,0.0,0.0,0.0,0.0,0.0,0.0,0.07,0.0]
Total cost: 0
assigning lease 1 to address 00000a24
Average Cache Occupancy Per Bin: [0.0,0.0,0.0,0.0,0.0,0.0,0.0,0.0,0.0,0.0,0.0,0.0,0.0,0.0,0.0,0.0,0.0,0.0,0.0,0.0,0.0,0.0,0.0,0.0,0.0,0.0,0.0,0.0,0.0,0.0,0.10,0.0]
Total cost: 0
assigning lease 1 to address 000009b4
Average Cache Occupancy Per Bin: [0.0,0.0,0.0,0.0,0.0,0.0,0.0,0.0,0.0,0.0,0.0,0.0,0.0,0.0,0.0,0.0,0.0,0.0,0.0,0.0,0.0,0.0,0.0,0.0,0.0,0.0,0.0,0.0,0.0,0.0,0.12,0.0]
Total cost: 0
assigning lease 1 to address 000009e4
Average Cache Occupancy Per Bin: [0.0,0.0,0.0,0.0,0.0,0.0,0.0,0.0,0.0,0.0,0.0,0.0,0.0,0.0,0.0,0.0,0.0,0.0,0.0,0.0,0.0,0.0,0.0,0.0,0.0,0.0,0.0,0.0,0.0,0.0,0.15,0.0]
Total cost: 0
assigning lease 1 to address 00000a08
Average Cache Occupancy Per Bin: [0.0,0.0,0.0,0.0,0.0,0.0,0.0,0.0,0.0,0.0,0.0,0.0,0.0,0.0,0.0,0.0,0.0,0.0,0.0,0.0,0.0,0.0,0.0,0.0,0.0,0.0,0.0,0.0,0.0,0.0,0.17,0.0]
Total cost: 0
assigning lease 1 to address 00000a4c
Average Cache Occupancy Per Bin: [0.0,0.0,0.0,0.0,0.0,0.0,0.0,0.0,0.0,0.0,0.0,0.0,0.0,0.0,0.0,0.0,0.0,0.0,0.0,0.0,0.0,0.0,0.0,0.0,0.0,0.0,0.0,0.0,0.0,0.0,0.20,0.0]
Total cost: 0
assigning lease 1 to address 00000a30
Average Cache Occupancy Per Bin: [0.0,0.0,0.0,0.0,0.0,0.0,0.0,0.0,0.0,0.0,0.0,0.0,0.0,0.0,0.0,0.0,0.0,0.0,0.0,0.0,0.0,0.0,0.0,0.0,0.0,0.0,0.0,0.0,0.0,0.0,0.22,0.0]
Total cost: 0
assigning lease 1 to address 00000a54
Average Cache Occupancy Per Bin: [0.0,0.0,0.0,0.0,0.0,0.0,0.0,0.0,0.0,0.0,0.0,0.0,0.0,0.0,0.0,0.0,0.0,0.0,0.0,0.0,0.0,0.0,0.0,0.0,0.0,0.0,0.0,0.0,0.0,0.0,0.25,0.0]
Total cost: 0
assigning lease 1 to address 000009fc
Average Cache Occupancy Per Bin: [0.0,0.0,0.0,0.0,0.0,0.0,0.0,0.0,0.0,0.0,0.0,0.0,0.0,0.0,0.0,0.0,0.0,0.0,0.0,0.0,0.0,0.0,0.0,0.0,0.0,0.0,0.0,0.0,0.0,0.0,0.28,0.0]
Total cost: 0
assigning lease 1 to address 0000097c
Average Cache Occupancy Per Bin: [0.0,0.0,0.0,0.0,0.0,0.0,0.0,0.0,0.0,0.0,0.0,0.0,0.0,0.0,0.0,0.0,0.0,0.0,0.0,0.0,0.0,0.0,0.0,0.0,0.0,0.0,0.0,0.0,0.0,0.0,0.28,0.0]
Total cost: 0
assigning lease 1 to address 00000a64
Average Cache Occupancy Per Bin: [0.0,0.0,0.0,0.0,0.0,0.0,0.0,0.0,0.0,0.0,0.0,0.0,0.0,0.0,0.0,0.0,0.0,0.0,0.0,0.0,0.0,0.0,0.0,0.0,0.0,0.0,0.0,0.0,0.0,0.0,0.28,0.0]
Total cost: 0
assigning lease 1 to address 00000974
Average Cache Occupancy Per Bin: [0.0,0.0,0.0,0.0,0.0,0.0,0.0,0.0,0.0,0.0,0.0,0.0,0.0,0.0,0.0,0.0,0.0,0.0,0.0,0.0,0.0,0.0,0.0,0.0,0.0,0.0,0.0,0.0,0.0,0.0,0.28,0.0]
Total cost: 0
assigning lease 1 to address 00000988
Average Cache Occupancy Per Bin: [0.0,0.0,0.0,0.0,0.0,0.0,0.0,0.0,0.0,0.0,0.0,0.0,0.0,0.0,0.0,0.0,0.0,0.0,0.0,0.0,0.0,0.0,0.0,0.0,0.0,0.0,0.0,0.0,0.0,0.0,0.28,0.0]
Total cost: 0
assigning lease 1 to address 00000a6c
Average Cache Occupancy Per Bin: [0.0,0.0,0.0,0.0,0.0,0.0,0.0,0.0,0.0,0.0,0.0,0.0,0.0,0.0,0.0,0.0,0.0,0.0,0.0,0.0,0.0,0.0,0.0,0.0,0.0,0.0,0.0,0.0,0.0,0.0,0.28,0.0]
Total cost: 0
assigning lease 1 to address 000009a0
Average Cache Occupancy Per Bin: [0.0,0.0,0.0,0.0,0.0,0.0,0.0,0.0,0.0,0.0,0.0,0.0,0.0,0.0,0.0,0.0,0.0,0.0,0.0,0.0,0.0,0.0,0.0,0.0,0.0,0.0,0.0,0.0,0.0,0.0,0.28,0.0]
Total cost: 0
assigning lease 1 to address 00000a84
Average Cache Occupancy Per Bin: [0.0,0.0,0.0,0.0,0.0,0.0,0.0,0.0,0.0,0.0,0.0,0.0,0.0,0.0,0.0,0.0,0.0,0.0,0.0,0.0,0.0,0.0,0.0,0.0,0.0,0.0,0.0,0.0,0.0,0.0,0.28,0.0]
Total cost: 0
assigning lease 1 to address 00000a7c
Average Cache Occupancy Per Bin: [0.0,0.0,0.0,0.0,0.0,0.0,0.0,0.0,0.0,0.0,0.0,0.0,0.0,0.0,0.0,0.0,0.0,0.0,0.0,0.0,0.0,0.0,0.0,0.0,0.0,0.0,0.0,0.0,0.0,0.0,0.28,0.0]
Total cost: 0
assigning lease 1 to address 00000b40
Average Cache Occupancy Per Bin: [0.0,0.0,0.0,0.0,0.0,0.0,0.0,0.0,0.0,0.0,0.0,0.0,0.0,0.0,0.0,0.0,0.0,0.0,0.0,0.0,0.0,0.0,0.0,0.0,0.0,0.0,0.0,0.0,0.0,0.0,0.29,0.0]
Total cost: 0
assigning lease 1 to address 00000b4c
Average Cache Occupancy Per Bin: [0.0,0.0,0.0,0.0,0.0,0.0,0.0,0.0,0.0,0.0,0.0,0.0,0.0,0.0,0.0,0.0,0.0,0.0,0.0,0.0,0.0,0.0,0.0,0.0,0.0,0.0,0.0,0.0,0.0,0.0,0.30,0.0]
Total cost: 0
assigning lease 1 to address 00000b24
Average Cache Occupancy Per Bin: [0.0,0.0,0.0,0.0,0.0,0.0,0.0,0.0,0.0,0.0,0.0,0.0,0.0,0.0,0.0,0.0,0.0,0.0,0.0,0.0,0.0,0.0,0.0,0.0,0.0,0.0,0.0,0.0,0.0,0.0,0.32,0.0]
Total cost: 0
assigning lease 1 to address 00000b18
Average Cache Occupancy Per Bin: [0.0,0.0,0.0,0.0,0.0,0.0,0.0,0.0,0.0,0.0,0.0,0.0,0.0,0.0,0.0,0.0,0.0,0.0,0.0,0.0,0.0,0.0,0.0,0.0,0.0,0.0,0.0,0.0,0.0,0.0,0.33,0.0]
Total cost: 0
assigning lease 1 to address 00000ad0
Average Cache Occupancy Per Bin: [0.0,0.0,0.0,0.0,0.0,0.0,0.0,0.0,0.0,0.0,0.0,0.0,0.0,0.0,0.0,0.0,0.0,0.0,0.0,0.0,0.0,0.0,0.0,0.0,0.0,0.0,0.0,0.0,0.0,0.0,0.34,0.0]
Total cost: 0
assigning lease 1 to address 00000b70
Average Cache Occupancy Per Bin: [0.0,0.0,0.0,0.0,0.0,0.0,0.0,0.0,0.0,0.0,0.0,0.0,0.0,0.0,0.0,0.0,0.0,0.0,0.0,0.0,0.0,0.0,0.0,0.0,0.0,0.0,0.0,0.0,0.0,0.0,0.35,0.0]
Total cost: 0
assigning lease 1 to address 00000b68
Average Cache Occupancy Per Bin: [0.0,0.0,0.0,0.0,0.0,0.0,0.0,0.0,0.0,0.0,0.0,0.0,0.0,0.0,0.0,0.0,0.0,0.0,0.0,0.0,0.0,0.0,0.0,0.0,0.0,0.0,0.0,0.0,0.0,0.0,0.37,0.0]
Total cost: 0
assigning lease 1 to address 00000adc
Average Cache Occupancy Per Bin: [0.0,0.0,0.0,0.0,0.0,0.0,0.0,0.0,0.0,0.0,0.0,0.0,0.0,0.0,0.0,0.0,0.0,0.0,0.0,0.0,0.0,0.0,0.0,0.0,0.0,0.0,0.0,0.0,0.0,0.0,0.38,0.0]
Total cost: 0
assigning lease 1 to address 00000b88
Average Cache Occupancy Per Bin: [0.0,0.0,0.0,0.0,0.0,0.0,0.0,0.0,0.0,0.0,0.0,0.0,0.0,0.0,0.0,0.0,0.0,0.0,0.0,0.0,0.0,0.0,0.0,0.0,0.0,0.0,0.0,0.0,0.0,0.0,0.38,0.0]
Total cost: 0
assigning lease 1 to address 00000b80
Average Cache Occupancy Per Bin: [0.0,0.0,0.0,0.0,0.0,0.0,0.0,0.0,0.0,0.0,0.0,0.0,0.0,0.0,0.0,0.0,0.0,0.0,0.0,0.0,0.0,0.0,0.0,0.0,0.0,0.0,0.0,0.0,0.0,0.0,0.38,0.0]
Total cost: 0
assigning lease 1 to address 00000ab0
Average Cache Occupancy Per Bin: [0.0,0.0,0.0,0.0,0.0,0.0,0.0,0.0,0.0,0.0,0.0,0.0,0.0,0.0,0.0,0.0,0.0,0.0,0.0,0.0,0.0,0.0,0.0,0.0,0.0,0.0,0.0,0.0,0.0,0.0,0.38,0.0]
Total cost: 0
assigning lease 1 to address 00000ac8
Average Cache Occupancy Per Bin: [0.0,0.0,0.0,0.0,0.0,0.0,0.0,0.0,0.0,0.0,0.0,0.0,0.0,0.0,0.0,0.0,0.0,0.0,0.0,0.0,0.0,0.0,0.0,0.0,0.0,0.0,0.0,0.0,0.0,0.0,0.38,0.0]
Total cost: 0
assigning lease 1 to address 00000aa4
Average Cache Occupancy Per Bin: [0.0,0.0,0.0,0.0,0.0,0.0,0.0,0.0,0.0,0.0,0.0,0.0,0.0,0.0,0.0,0.0,0.0,0.0,0.0,0.0,0.0,0.0,0.0,0.0,0.0,0.0,0.0,0.0,0.0,0.0,0.38,0.0]
Total cost: 0
assigning lease 1 to address 00000ba0
Average Cache Occupancy Per Bin: [0.0,0.0,0.0,0.0,0.0,0.0,0.0,0.0,0.0,0.0,0.0,0.0,0.0,0.0,0.0,0.0,0.0,0.0,0.0,0.0,0.0,0.0,0.0,0.0,0.0,0.0,0.0,0.0,0.0,0.0,0.38,0.0]
Total cost: 0
assigning lease 2 to address 00000894
Average Cache Occupancy Per Bin: [0.0,0.0,0.0,0.0,0.0,0.0,0.0,0.0,0.0,0.0,0.0,0.0,0.0,0.0,0.0,0.0,0.0,0.0,0.0,0.0,0.0,0.0,0.0,0.0,0.0,0.0,0.0,0.0,0.0,0.0,0.40,0.0]
Total cost: 0
assigning lease 2 to address 000008a4
Average Cache Occupancy Per Bin: [0.0,0.0,0.0,0.0,0.0,0.0,0.0,0.0,0.0,0.0,0.0,0.0,0.0,0.0,0.0,0.0,0.0,0.0,0.0,0.0,0.0,0.0,0.0,0.0,0.0,0.0,0.0,0.0,0.0,0.0,0.42,0.0]
Total cost: 0
assigning lease 2 to address 000008c4
Average Cache Occupancy Per Bin: [0.0,0.0,0.0,0.0,0.0,0.0,0.0,0.0,0.0,0.0,0.0,0.0,0.0,0.0,0.0,0.0,0.0,0.0,0.0,0.0,0.0,0.0,0.0,0.0,0.0,0.0,0.0,0.0,0.0,0.0,0.45,0.0]
Total cost: 0
assigning lease 2 to address 00000914
Average Cache Occupancy Per Bin: [0.0,0.0,0.0,0.0,0.0,0.0,0.0,0.0,0.0,0.0,0.0,0.0,0.0,0.0,0.0,0.0,0.0,0.0,0.0,0.0,0.0,0.0,0.0,0.0,0.0,0.0,0.0,0.0,0.0,0.0,0.47,0.0]
Total cost: 0
assigning lease 2 to address 000008e8
Average Cache Occupancy Per Bin: [0.0,0.0,0.0,0.0,0.0,0.0,0.0,0.0,0.0,0.0,0.0,0.0,0.0,0.0,0.0,0.0,0.0,0.0,0.0,0.0,0.0,0.0,0.0,0.0,0.0,0.0,0.0,0.0,0.0,0.0,0.49,0.0]
Total cost: 0
assigning lease 2 to address 000008fc
Average Cache Occupancy Per Bin: [0.0,0.0,0.0,0.0,0.0,0.0,0.0,0.0,0.0,0.0,0.0,0.0,0.0,0.0,0.0,0.0,0.0,0.0,0.0,0.0,0.0,0.0,0.0,0.0,0.0,0.0,0.0,0.0,0.0,0.0,0.51,0.0]
Total cost: 0
assigning lease 2 to address 00000880
Average Cache Occupancy Per Bin: [0.0,0.0,0.0,0.0,0.0,0.0,0.0,0.0,0.0,0.0,0.0,0.0,0.0,0.0,0.0,0.0,0.0,0.0,0.0,0.0,0.0,0.0,0.0,0.0,0.0,0.0,0.0,0.0,0.0,0.0,0.54,0.0]
Total cost: 0
assigning lease 2 to address 000008d4
Average Cache Occupancy Per Bin: [0.0,0.0,0.0,0.0,0.0,0.0,0.0,0.0,0.0,0.0,0.0,0.0,0.0,0.0,0.0,0.0,0.0,0.0,0.0,0.0,0.0,0.0,0.0,0.0,0.0,0.0,0.0,0.0,0.0,0.0,0.56,0.0]
Total cost: 0
assigning lease 2 to address 00000930
Average Cache Occupancy Per Bin: [0.0,0.0,0.0,0.0,0.0,0.0,0.0,0.0,0.0,0.0,0.0,0.0,0.0,0.0,0.0,0.0,0.0,0.0,0.0,0.0,0.0,0.0,0.0,0.0,0.0,0.0,0.0,0.0,0.0,0.0,0.58,0.0]
Total cost: 0
assigning lease 2 to address 00000948
Average Cache Occupancy Per Bin: [0.0,0.0,0.0,0.0,0.0,0.0,0.0,0.0,0.0,0.0,0.0,0.0,0.0,0.0,0.0,0.0,0.0,0.0,0.0,0.0,0.0,0.0,0.0,0.0,0.0,0.0,0.0,0.0,0.0,0.0,0.58,0.0]
Total cost: 0
assigning lease 2 to address 0000094c
Average Cache Occupancy Per Bin: [0.0,0.0,0.0,0.0,0.0,0.0,0.0,0.0,0.0,0.0,0.0,0.0,0.0,0.0,0.0,0.0,0.0,0.0,0.0,0.0,0.0,0.0,0.0,0.0,0.0,0.0,0.0,0.0,0.0,0.00,0.58,0.0]
Total cost: 0
assigning lease 2 to address 00000868
Average Cache Occupancy Per Bin: [0.0,0.0,0.0,0.0,0.0,0.0,0.0,0.0,0.0,0.0,0.0,0.0,0.0,0.0,0.0,0.0,0.0,0.0,0.0,0.0,0.0,0.0,0.0,0.0,0.0,0.0,0.0,0.0,0.0,0.00,0.58,0.0]
Total cost: 0
assigning lease 2 to address 00000854
Average Cache Occupancy Per Bin: [0.0,0.0,0.0,0.0,0.0,0.0,0.0,0.0,0.0,0.0,0.0,0.0,0.0,0.0,0.0,0.0,0.0,0.0,0.0,0.0,0.0,0.0,0.0,0.0,0.0,0.0,0.0,0.0,0.0,0.00,0.58,0.0]
Total cost: 0
assigning lease 2 to address 00000960
Average Cache Occupancy Per Bin: [0.0,0.0,0.0,0.0,0.0,0.0,0.0,0.0,0.0,0.0,0.0,0.0,0.0,0.0,0.0,0.0,0.0,0.0,0.0,0.0,0.0,0.0,0.0,0.0,0.0,0.0,0.0,0.0,0.0,0.00,0.58,0.0]
Total cost: 0
assigning lease 2 to address 000009ec
Average Cache Occupancy Per Bin: [0.0,0.0,0.0,0.0,0.0,0.0,0.0,0.0,0.0,0.0,0.0,0.0,0.0,0.0,0.0,0.0,0.0,0.0,0.0,0.0,0.0,0.0,0.0,0.0,0.0,0.0,0.0,0.0,0.0,0.00,0.63,0.0]
Total cost: 0
assigning lease 2 to address 00000a58
Average Cache Occupancy Per Bin: [0.0,0.0,0.0,0.0,0.0,0.0,0.0,0.0,0.0,0.0,0.0,0.0,0.0,0.0,0.0,0.0,0.0,0.0,0.0,0.0,0.0,0.0,0.0,0.0,0.0,0.0,0.0,0.0,0.0,0.00,0.68,0.0]
Total cost: 0
assigning lease 2 to address 00000a3c
Average Cache Occupancy Per Bin: [0.0,0.0,0.0,0.0,0.0,0.0,0.0,0.0,0.0,0.0,0.0,0.0,0.0,0.0,0.0,0.0,0.0,0.0,0.0,0.0,0.0,0.0,0.0,0.0,0.0,0.0,0.0,0.0,0.0,0.00,0.74,0.0]
Total cost: 0
assigning lease 2 to address 00000a10
Average Cache Occupancy Per Bin: [0.0,0.0,0.0,0.0,0.0,0.0,0.0,0.0,0.0,0.0,0.0,0.0,0.0,0.0,0.0,0.0,0.0,0.0,0.0,0.0,0.0,0.0,0.0,0.0,0.0,0.0,0.0,0.0,0.0,0.00,0.79,0.0]
Total cost: 0
assigning lease 2 to address 000009bc
Average Cache Occupancy Per Bin: [0.0,0.0,0.0,0.0,0.0,0.0,0.0,0.0,0.0,0.0,0.0,0.0,0.0,0.0,0.0,0.0,0.0,0.0,0.0,0.0,0.0,0.0,0.0,0.0,0.0,0.0,0.0,0.0,0.0,0.00,0.84,0.0]
Total cost: 0
assigning lease 2 to address 00000990
Average Cache Occupancy Per Bin: [0.0,0.0,0.0,0.0,0.0,0.0,0.0,0.0,0.0,0.0,0.0,0.0,0.0,0.0,0.0,0.0,0.0,0.0,0.0,0.0,0.0,0.0,0.0,0.0,0.0,0.0,0.0,0.0,0.0,0.00,0.84,0.0]
Total cost: 0
assigning lease 2 to address 00000a70
Average Cache Occupancy Per Bin: [0.0,0.0,0.0,0.0,0.0,0.0,0.0,0.0,0.0,0.0,0.0,0.0,0.0,0.0,0.0,0.0,0.0,0.0,0.0,0.0,0.0,0.0,0.0,0.0,0.0,0.0,0.0,0.0,0.0,0.00,0.84,0.0]
Total cost: 0
assigning lease 2 to address 00000a88
Average Cache Occupancy Per Bin: [0.0,0.0,0.0,0.0,0.0,0.0,0.0,0.0,0.0,0.0,0.0,0.0,0.0,0.0,0.0,0.0,0.0,0.0,0.0,0.0,0.0,0.0,0.0,0.0,0.0,0.0,0.0,0.0,0.0,0.00,0.84,0.0]
Total cost: 0
assigning lease 2 to address 00000b74
Average Cache Occupancy Per Bin: [0.0,0.0,0.0,0.0,0.0,0.0,0.0,0.0,0.0,0.0,0.0,0.0,0.0,0.0,0.0,0.0,0.0,0.0,0.0,0.0,0.0,0.0,0.0,0.0,0.0,0.0,0.0,0.0,0.0,0.00,0.87,0.0]
Total cost: 0
assigning lease 2 to address 00000af4
Average Cache Occupancy Per Bin: [0.0,0.0,0.0,0.0,0.0,0.0,0.0,0.0,0.0,0.0,0.0,0.0,0.0,0.0,0.0,0.0,0.0,0.0,0.0,0.0,0.0,0.0,0.0,0.0,0.0,0.0,0.0,0.0,0.0,0.00,0.89,0.0]
Total cost: 0
assigning lease 2 to address 00000b58
Average Cache Occupancy Per Bin: [0.0,0.0,0.0,0.0,0.0,0.0,0.0,0.0,0.0,0.0,0.0,0.0,0.0,0.0,0.0,0.0,0.0,0.0,0.0,0.0,0.0,0.0,0.0,0.0,0.0,0.0,0.0,0.0,0.0,0.00,0.92,0.0]
Total cost: 0
assigning lease 2 to address 00000ae4
Average Cache Occupancy Per Bin: [0.0,0.0,0.0,0.0,0.0,0.0,0.0,0.0,0.0,0.0,0.0,0.0,0.0,0.0,0.0,0.0,0.0,0.0,0.0,0.0,0.0,0.0,0.0,0.0,0.0,0.0,0.0,0.0,0.0,0.00,0.94,0.0]
Total cost: 0
assigning lease 2 to address 00000b08
Average Cache Occupancy Per Bin: [0.0,0.0,0.0,0.0,0.0,0.0,0.0,0.0,0.0,0.0,0.0,0.0,0.0,0.0,0.0,0.0,0.0,0.0,0.0,0.0,0.0,0.0,0.0,0.0,0.0,0.0,0.0,0.0,0.0,0.00,0.97,0.0]
Total cost: 0
assigning lease 2 to address 00000b2c
Average Cache Occupancy Per Bin: [0.0,0.0,0.0,0.0,0.0,0.0,0.0,0.0,0.0,0.0,0.0,0.0,0.0,0.0,0.0,0.0,0.0,0.0,0.0,0.0,0.0,0.0,0.0,0.0,0.0,0.0,0.0,0.0,0.0,0.00,0.99,0.0]
Total cost: 0
assigning lease 2 to address 00000ab8
Average Cache Occupancy Per Bin: [0.0,0.0,0.0,0.0,0.0,0.0,0.0,0.0,0.0,0.0,0.0,0.0,0.0,0.0,0.0,0.0,0.0,0.0,0.0,0.0,0.0,0.0,0.0,0.0,0.0,0.0,0.0,0.0,0.0,0.00,0.99,0.0]
Total cost: 0
assigning lease 2 to address 00000b8c
Average Cache Occupancy Per Bin: [0.0,0.0,0.0,0.0,0.0,0.0,0.0,0.0,0.0,0.0,0.0,0.0,0.0,0.0,0.0,0.0,0.0,0.0,0.0,0.0,0.0,0.0,0.0,0.0,0.0,0.0,0.0,0.0,0.0,0.00,1.00,0.0]
Total cost: 0
assigning lease 4 to address 00000934
Average Cache Occupancy Per Bin: [0.0,0.0,0.0,0.0,0.0,0.0,0.0,0.0,0.0,0.0,0.0,0.0,0.0,0.0,0.0,0.0,0.0,0.0,0.0,0.0,0.0,0.0,0.0,0.0,0.0,0.0,0.0,0.0,0.0,0.02,1.00,0.0]
Total cost: 0
assigning lease 3 to address 00000a8c
Average Cache Occupancy Per Bin: [0.0,0.0,0.0,0.0,0.0,0.0,0.0,0.0,0.0,0.0,0.0,0.0,0.0,0.0,0.0,0.0,0.0,0.0,0.0,0.0,0.0,0.0,0.0,0.0,0.0,0.0,0.0,0.0,0.0,0.02,1.00,0.0]
Total cost: 0
assigning lease 3 to address 00000ba8
Average Cache Occupancy Per Bin: [0.0,0.0,0.0,0.0,0.0,0.0,0.0,0.0,0.0,0.0,0.0,0.0,0.0,0.0,0.0,0.0,0.0,0.0,0.0,0.0,0.0,0.0,0.0,0.0,0.0,0.0,0.0,0.0,0.0,0.02,1.00,0.0]
Total cost: 0
assigning lease 4 to address 000008bc
Average Cache Occupancy Per Bin: [0.0,0.0,0.0,0.0,0.0,0.0,0.0,0.0,0.0,0.0,0.0,0.0,0.0,0.0,0.0,0.0,0.0,0.0,0.0,0.0,0.0,0.0,0.0,0.0,0.0,0.0,0.0,0.0,0.0,0.06,1.00,0.0]
Total cost: 0
assigning lease 4 to address 000008e0
Average Cache Occupancy Per Bin: [0.0,0.0,0.0,0.0,0.0,0.0,0.0,0.0,0.0,0.0,0.0,0.0,0.0,0.0,0.0,0.0,0.0,0.0,0.0,0.0,0.0,0.0,0.0,0.0,0.0,0.0,0.0,0.0,0.0,0.11,1.00,0.0]
Total cost: 0
assigning lease 4 to address 0000088c
Average Cache Occupancy Per Bin: [0.0,0.0,0.0,0.0,0.0,0.0,0.0,0.0,0.0,0.0,0.0,0.0,0.0,0.0,0.0,0.0,0.0,0.0,0.0,0.0,0.0,0.0,0.0,0.0,0.0,0.0,0.0,0.0,0.0,0.15,1.00,0.0]
Total cost: 0
assigning lease 5 to address 00000860
Average Cache Occupancy Per Bin: [0.0,0.0,0.0,0.0,0.0,0.0,0.0,0.0,0.0,0.0,0.0,0.0,0.0,0.0,0.0,0.0,0.0,0.0,0.0,0.0,0.0,0.0,0.0,0.0,0.0,0.0,0.0,0.0,0.0,0.15,1.00,0.0]
Total cost: 0
assigning lease 6 to address 00000b78
Average Cache Occupancy Per Bin: [0.0,0.0,0.0,0.0,0.0,0.0,0.0,0.0,0.0,0.0,0.0,0.0,0.0,0.0,0.0,0.0,0.0,0.0,0.0,0.0,0.0,0.0,0.0,0.0,0.0,0.0,0.0,0.0,0.0,0.23,1.00,0.0]
Total cost: 0
assigning lease 6 to address 00000908
Average Cache Occupancy Per Bin: [0.0,0.0,0.0,0.0,0.0,0.0,0.0,0.0,0.0,0.0,0.0,0.0,0.0,0.0,0.0,0.0,0.0,0.0,0.0,0.0,0.0,0.0,0.0,0.0,0.0,0.0,0.0,0.0,0.0,0.30,1.00,0.0]
Total cost: 0
assigning lease 7 to address 00000874
Average Cache Occupancy Per Bin: [4.15,4.15,4.15,8.30,0.0,0.0,4.15,8.30,4.15,4.15,0.0,0.0,0.0,0.0,0.0,0.0,0.0,4.15,8.30,0.00,4.15,4.15,4.15,0.00,0.0,4.15,0.0,0.0,4.15,0.30,1.00,0.0]
Total cost: 448.0
assigning lease 7 to address 0000099c
Average Cache Occupancy Per Bin: [0.00,8.30,0.00,0.00,0.0,8.30,8.30,0.00,4.15,8.30,0.00,0.0,0.0,4.15,0.00,8.30,0.00,8.30,0.00,0.00,0.00,0.00,4.15,0.00,4.15,0.00,0.0,4.15,0.00,0.30,1.00,8.30]
Total cost: 1344.0
assigning lease 7 to address 00000a74
Average Cache Occupancy Per Bin: [0.00,8.30,0.00,0.00,0.0,8.30,8.30,0.00,4.15,8.30,0.00,0.0,0.0,4.15,0.00,8.30,0.00,8.30,0.00,0.00,0.00,0.00,4.15,0.00,4.15,0.00,0.0,4.15,0.00,0.30,1.00,8.30]
Total cost: 1344.0
assigning lease 7 to address 00000b90
Average Cache Occupancy Per Bin: [0.00,8.30,0.00,0.00,0.0,8.30,8.30,0.00,4.15,8.30,0.00,0.0,0.0,4.15,0.00,8.30,0.00,8.30,0.00,0.00,0.00,0.00,4.15,0.00,4.15,0.00,0.0,4.15,0.00,0.30,1.00,8.30]
Total cost: 1344.0
assigning lease 7 to address 00000ac4
Average Cache Occupancy Per Bin: [0.00,8.30,0.00,0.00,4.15,0.00,0.00,0.00,0.00,0.00,0.00,4.15,4.15,8.30,0.00,8.30,0.00,0.00,0.00,0.00,0.00,0.00,0.00,0.00,0.00,0.00,0.00,0.00,0.00,0.30,1.00,8.30]
Total cost: 1344.0
assigning lease 12 to address 00000a48
Average Cache Occupancy Per Bin: [0.00,0.00,0.00,0.00,0.00,0.00,0.00,0.00,0.00,0.00,0.00,0.00,0.00,0.00,0.00,0.00,0.00,0.00,0.00,0.00,0.00,0.00,0.00,0.00,0.00,0.00,0.00,0.00,0.00,0.30,1.00,0.00]
Total cost: 68672.0
assigning lease 12 to address 00000920
Average Cache Occupancy Per Bin: [0.00,0.00,0.00,0.00,0.01,0.01,0.00,0.01,0.01,0.00,0.00,0.00,0.00,0.00,0.00,0.00,0.01,0.00,0.00,0.00,0.00,0.00,0.00,0.00,0.00,0.01,0.01,0.00,0.00,0.31,1.00,0.00]
Total cost: 99648.0
assigning lease 12 to address 00000b64
Average Cache Occupancy Per Bin: [0.01,0.01,0.01,0.01,0.01,0.01,0.01,0.01,0.01,0.01,0.01,0.01,0.01,0.01,0.01,0.01,0.01,0.01,0.01,0.01,0.01,0.01,0.01,0.01,0.01,0.01,0.01,0.01,0.01,0.31,1.01,0.01]
Total cost: 132672.0
assigning lease 9 to address 0000081c
Average Cache Occupancy Per Bin: [0.01,0.01,0.01,0.01,0.01,0.01,0.01,0.01,0.01,0.01,0.01,0.01,0.01,0.01,0.01,0.01,0.01,0.01,0.01,0.01,0.01,0.01,0.01,0.01,0.01,0.01,0.01,0.01,0.01,0.31,1.01,0.01]
Total cost: 132672.0
assigning lease 12 to address 000008a0
Average Cache Occupancy Per Bin: [0.01,0.01,0.01,0.01,0.01,0.01,0.01,0.01,0.01,0.01,0.01,0.01,0.01,0.01,0.01,0.01,0.01,0.01,0.01,0.01,0.01,0.01,0.01,0.01,0.01,0.01,0.01,0.01,0.01,0.31,1.01,0.01]
Total cost: 182592.0
assigning lease 12 to address 000009c8
Average Cache Occupancy Per Bin: [0.02,0.02,0.02,0.02,0.02,0.02,0.02,0.02,0.02,0.02,0.02,0.02,0.02,0.02,0.02,0.02,0.02,0.02,0.02,0.02,0.02,0.02,0.02,0.02,0.02,0.02,0.02,0.02,0.02,0.32,1.02,0.02]
Total cost: 293952.0
assigning lease 12 to address 00000af0
Average Cache Occupancy Per Bin: [0.03,0.03,0.03,0.03,0.03,0.03,0.03,0.03,0.03,0.03,0.03,0.03,0.02,0.03,0.03,0.03,0.03,0.02,0.03,0.03,0.03,0.03,0.03,0.02,0.03,0.03,0.03,0.02,0.02,0.33,1.02,0.02]
Total cost: 346176.0
assigning lease 19 to address 00000920
Average Cache Occupancy Per Bin: [0.03,0.03,0.03,0.03,0.03,0.03,0.03,0.03,0.03,0.03,0.03,0.03,0.02,0.03,0.03,0.03,0.03,0.02,0.03,0.03,0.03,0.03,0.03,0.02,0.03,0.03,0.03,0.02,0.02,0.33,1.02,0.02]
Total cost: 346176.0
assigning lease 14 to address 00000b00
Average Cache Occupancy Per Bin: [0.03,0.03,0.03,0.03,0.03,0.03,0.03,0.03,0.03,0.03,0.03,0.03,0.02,0.03,0.03,0.03,0.03,0.02,0.03,0.03,0.03,0.03,0.03,0.02,0.03,0.03,0.03,0.02,0.02,0.51,1.02,0.02]
Total cost: 346176.0
assigning lease 20 to address 00000a5c
Average Cache Occupancy Per Bin: [0.03,0.03,0.03,0.03,0.03,0.03,0.03,0.03,0.03,0.03,0.03,0.03,0.02,0.03,0.03,0.03,0.03,0.02,0.03,0.03,0.03,0.03,0.03,0.02,0.03,0.03,0.03,0.02,0.02,1.02,1.02,0.02]
Total cost: 346176.0
assigning lease 20 to address 000009f8
Average Cache Occupancy Per Bin: [0.04,0.04,0.05,0.05,0.05,0.05,0.05,0.05,0.04,0.05,0.04,0.05,0.04,0.04,0.04,0.04,0.04,0.04,0.04,0.04,0.04,0.04,0.04,0.04,0.04,0.04,0.04,0.04,0.04,1.04,1.04,0.03]
Total cost: 520256.0
assigning lease 20 to address 000008d0
Average Cache Occupancy Per Bin: [0.05,0.05,0.05,0.05,0.05,0.05,0.05,0.05,0.05,0.05,0.05,0.05,0.05,0.05,0.05,0.05,0.05,0.05,0.05,0.05,0.05,0.05,0.05,0.05,0.05,0.05,0.04,0.04,0.05,1.04,1.04,0.04]
Total cost: 607296.0
assigning lease 20 to address 00000b14
Average Cache Occupancy Per Bin: [0.06,0.06,0.06,0.06,0.06,0.06,0.06,0.06,0.06,0.06,0.06,0.06,0.05,0.06,0.06,0.06,0.06,0.05,0.06,0.06,0.06,0.06,0.06,0.06,0.06,0.06,0.05,0.05,0.05,1.05,1.05,0.04]
Total cost: 694336.0
assigning lease 19 to address 00000a48
Average Cache Occupancy Per Bin: [0.06,0.06,0.06,0.06,0.06,0.06,0.06,0.06,0.06,0.06,0.06,0.06,0.05,0.06,0.06,0.06,0.06,0.05,0.06,0.06,0.06,0.06,0.06,0.06,0.06,0.06,0.05,0.05,0.05,1.05,1.05,0.04]
Total cost: 694336.0
assigning lease 991 to address 00000b14
Average Cache Occupancy Per Bin: [0.10,0.09,0.07,0.07,0.09,0.09,0.09,0.10,0.10,0.09,0.09,0.07,0.09,0.09,0.09,0.08,0.08,0.07,0.09,0.08,0.08,0.08,0.08,0.07,0.08,0.09,0.09,0.07,0.06,1.09,1.06,0.07]
Total cost: 1151232.0
assigning lease 1151 to address 000008d0
Average Cache Occupancy Per Bin: [0.11,0.11,0.08,0.09,0.12,0.11,0.11,0.15,0.12,0.09,0.12,0.09,0.11,0.11,0.13,0.11,0.12,0.07,0.13,0.09,0.10,0.11,0.10,0.10,0.11,0.12,0.11,0.12,0.08,1.10,1.09,0.10]
Total cost: 1265280.0
assigning lease 1038 to address 00000b38
Average Cache Occupancy Per Bin: [0.48,0.52,0.43,0.60,0.51,0.50,0.39,0.53,0.49,0.5,0.54,0.55,0.53,0.51,0.54,0.50,0.50,0.50,0.57,0.56,0.51,0.47,0.55,0.54,0.49,0.50,0.56,0.51,0.46,1.44,1.44,0.60]
Total cost: 5219136.0
assigning lease 1238 to address 000008f4
Average Cache Occupancy Per Bin: [0.90,0.98,0.84,1.07,0.91,0.89,0.87,0.91,0.92,0.95,0.91,0.97,0.93,0.91,1.02,0.89,0.93,0.93,0.98,1.00,0.86,0.96,0.97,1.08,0.87,1.04,0.99,0.98,0.82,1.84,1.72,0.98]
Total cost: 9726464.0
assigning lease 1311 to address 000009f8
Average Cache Occupancy Per Bin: [0.97,1.03,0.87,1.14,0.95,0.97,0.93,0.99,1.01,0.99,0.99,1.03,0.99,0.99,1.11,0.99,1.00,1.01,1.04,1.08,0.90,1.04,1.03,1.17,0.92,1.11,1.07,1.05,0.83,1.88,1.81,1.04]
Total cost: 10470080.0
assigning lease 1638 to address 00000a1c
Average Cache Occupancy Per Bin: [2.22,2.35,2.34,2.44,2.22,2.27,2.16,2.26,2.26,2.38,2.13,2.38,2.08,2.40,2.32,2.32,2.30,2.29,2.49,2.35,2.20,2.46,2.42,2.54,2.10,2.48,2.21,2.38,2.08,3.15,2.92,2.19]
Total cost: 23997440.0
addr: 000008f4 ri: 52080
bin target: 43140608.0
num_full_bins: 0
printing bin ranks sorted:
	selecting this^ bin
acceptable_ratio: 0.8011407730463598
Assigning 000008f4 dual lease lease 52080 * 0.8011407730463598. Bin saturation: [3.20,2.74,2.93,2.84,2.61,3.10,2.75,3.05,2.65,3.95,2.52,3.56,2.47,2.80,2.71,3.10,2.49,3.07,3.28,2.94,2.99,3.44,3.39,3.52,2.88,3.65,2.99,4.0,2.66,3.59,3.55,2.77]
addr: 00000b38 ri: 59656
bin target: 43140608.0
num_full_bins: 1
printing bin ranks sorted:
acceptable_ratio: 0
addr: 00000a1c ri: 88612
bin target: 43140608.0
num_full_bins: 1
printing bin ranks sorted:
acceptable_ratio: 0
addr: 00000a48 ri: 191168
bin target: 43140608.0
num_full_bins: 1
printing bin ranks sorted:
acceptable_ratio: 0
addr: 00000a48 ri: 3690235
bin target: 43140608.0
num_full_bins: 1
printing bin ranks sorted:
acceptable_ratio: 0
addr: 00000920 ri: 8003671
bin target: 43140608.0
num_full_bins: 1
printing bin ranks sorted:
acceptable_ratio: 0
Final saturation:
	0,3.2028972837746275
	1,2.747595477918678
	2,2.9300916253462845
	3,2.8405669658257726
	4,2.6186715647461978
	5,3.107747602654912
	6,2.7537462545305393
	7,3.0513414513282098
	8,2.6568277261058153
	9,3.9533479307194628
	10,2.522290169286959
	11,3.563255098220693
	12,2.4719001171805237
	13,2.8006105860970325
	14,2.7186608833946506
	15,3.103328410574436
	16,2.4982287742144913
	17,3.0798050623422992
	18,3.2804245807320256
	19,2.9447978383427866
	20,2.991929400390031
	21,3.441338463950468
	22,3.399331081949732
	23,3.5258754273609045
	24,2.886002254323307
	25,3.6597017686060527
	26,2.995552934973116
	27,4.0
	28,2.6688688574624058
	29,3.5922756961054643
	30,3.555936239038266
	31,2.7782540222467476
Dump single leases (last one may be dual)
000008f4 cb70 percentage 0.8011407730463598
000008f4 4d6 percentage 0.19885922695364022
0000081c 9
000008a0 c
00000924 1
000008d0 47f
000008bc 4
00000894 2
00000920 13
00000908 6
0000092c 1
000008e0 4
0000088c 4
000008a4 2
000008c4 2
00000914 2
000008e8 2
000008fc 2
00000880 2
00000934 4
000008d4 2
00000930 2
00000944 1
00000948 2
0000093c 1
00000874 7
00000878 1
0000094c 2
00000868 2
00000854 2
00000860 5
00000960 2
000009a8 1
000009cc 1
000009ec 2
000009f8 51f
00000a24 1
00000a5c 14
000009c8 c
00000a48 13
000009b4 1
00000a58 2
000009e4 1
00000a08 1
00000a4c 1
00000a3c 2
00000a30 1
00000a54 1
00000a10 2
00000a1c 666
000009bc 2
000009fc 1
0000097c 1
0000099c 7
00000a64 1
00000990 2
00000a70 2
00000974 1
00000988 1
00000a6c 1
000009a0 1
00000a74 7
00000a88 2
00000a84 1
00000a8c 3
00000a7c 1
00000b74 2
00000b40 1
00000b78 6
00000af0 c
00000b4c 1
00000af4 2
00000b58 2
00000ae4 2
00000b08 2
00000b2c 2
00000b24 1
00000b18 1
00000ad0 1
00000b70 1
00000b68 1
00000adc 1
00000b38 40e
00000b88 1
00000b64 c
00000b00 e
00000b14 3df
00000b80 1
00000ab8 2
00000b8c 2
00000ab0 1
00000b90 7
00000ac4 7
00000ac8 1
00000aa4 1
00000ba0 1
00000ba8 3
Dump dual leases

