sample rate: 0.015625
len(carl_order):
55
Printing carl assignment order:
0000073c,1,1.0
00000768,1,1.0
00000810,1,1.0
0000077c,1,1.0
0000078c,1,1.0
00000828,1,1.0
000007f0,1,1.0
00000808,1,1.0
000007d4,1,1.0
00000818,1,1.0
00000760,1,1.0
000007bc,1,1.0
00000794,1,1.0
00000814,1,1.0
0000074c,1,1.0
00000848,1,1.0
00000850,1,1.0
00000820,1,1.0
0000086c,1,1.0
00000840,1,1.0
00000894,1,1.0
00000830,1,1.0
0000089c,1,1.0
000008a0,1,1.0
0000082c,1,1.0
000008a4,1,1.0
00000744,1,1.0
000008b8,1,1.0
000008ac,1,1.0
00000838,1,1.0
000008bc,1,1.0
000008d4,1,1.0
000008b4,1,1.0
000007f8,2,0.5
000007dc,2,0.5
000007a8,2,0.5
00000770,2,0.5
00000880,2,0.5
00000754,2,0.5
00000860,2,0.5
0000075c,6,0.16666666666666666
00000804,11,0.13991089248634156
00000778,12,0.08333333333333333
00000868,12,0.0794392523364486
00000890,12,0.07507861635220126
000007b8,19,0.04797325218828656
00000890,25,0.02197802197802198
00000804,208,0.0028200789622109417
000007b8,561,0.002718439790943211
00000868,185,0.0023121387283236996
000007e8,580,0.0015656276808693166
000007e8,976,0.0008292692558295654
00000804,8136,0.00012613521695257316
000007e8,16037,0.0001239439006433633
00000868,9297,0.00010974539069359087
TRACE LENGTH: 8798720.0
assigning lease 1 to address 0000073c
Average Cache Occupancy Per Bin: [0.0,0.0,0.0,0.0,0.0,0.0,0.0,0.0,0.0,0.0,0.0,0.0,0.0,0.0,0.0,0.0,0.0,0.0,0.0,0.0,0.0,0.0,0.0,0.0,0.0,0.0,0.0,0.0,0.0,0.0,7.27,0.0]
Total cost: 0
assigning lease 1 to address 00000768
Average Cache Occupancy Per Bin: [0.0,0.0,0.0,0.0,0.0,0.0,0.0,0.0,0.0,0.0,0.0,0.0,0.0,0.0,0.0,0.0,0.0,0.0,0.0,0.0,0.0,0.0,0.0,0.0,0.0,0.0,0.0,0.0,0.0,0.0,0.05,0.0]
Total cost: 0
assigning lease 1 to address 00000810
Average Cache Occupancy Per Bin: [0.0,0.0,0.0,0.0,0.0,0.0,0.0,0.0,0.0,0.0,0.0,0.0,0.0,0.0,0.0,0.0,0.0,0.0,0.0,0.0,0.0,0.0,0.0,0.0,0.0,0.0,0.0,0.0,0.0,0.0,0.10,0.0]
Total cost: 0
assigning lease 1 to address 0000077c
Average Cache Occupancy Per Bin: [0.0,0.0,0.0,0.0,0.0,0.0,0.0,0.0,0.0,0.0,0.0,0.0,0.0,0.0,0.0,0.0,0.0,0.0,0.0,0.0,0.0,0.0,0.0,0.0,0.0,0.0,0.0,0.0,0.0,0.0,0.15,0.0]
Total cost: 0
assigning lease 1 to address 0000078c
Average Cache Occupancy Per Bin: [0.0,0.0,0.0,0.0,0.0,0.0,0.0,0.0,0.0,0.0,0.0,0.0,0.0,0.0,0.0,0.0,0.0,0.0,0.0,0.0,0.0,0.0,0.0,0.0,0.0,0.0,0.0,0.0,0.0,0.0,0.20,0.0]
Total cost: 0
assigning lease 1 to address 00000828
Average Cache Occupancy Per Bin: [0.0,0.0,0.0,0.0,0.0,0.0,0.0,0.0,0.0,0.0,0.0,0.0,0.0,0.0,0.0,0.0,0.0,0.0,0.0,0.0,0.0,0.0,0.0,0.0,0.0,0.0,0.0,0.0,0.0,0.0,0.20,0.0]
Total cost: 0
assigning lease 1 to address 000007f0
Average Cache Occupancy Per Bin: [0.0,0.0,0.0,0.0,0.0,0.0,0.0,0.0,0.0,0.0,0.0,0.0,0.0,0.0,0.0,0.0,0.0,0.0,0.0,0.0,0.0,0.0,0.0,0.0,0.0,0.0,0.0,0.0,0.0,0.0,0.25,0.0]
Total cost: 0
assigning lease 1 to address 00000808
Average Cache Occupancy Per Bin: [0.0,0.0,0.0,0.0,0.0,0.0,0.0,0.0,0.0,0.0,0.0,0.0,0.0,0.0,0.0,0.0,0.0,0.0,0.0,0.0,0.0,0.0,0.0,0.0,0.0,0.0,0.0,0.0,0.0,0.0,0.30,0.0]
Total cost: 0
assigning lease 1 to address 000007d4
Average Cache Occupancy Per Bin: [0.0,0.0,0.0,0.0,0.0,0.0,0.0,0.0,0.0,0.0,0.0,0.0,0.0,0.0,0.0,0.0,0.0,0.0,0.0,0.0,0.0,0.0,0.0,0.0,0.0,0.0,0.0,0.0,0.0,0.0,0.35,0.0]
Total cost: 0
assigning lease 1 to address 00000818
Average Cache Occupancy Per Bin: [0.0,0.0,0.0,0.0,0.0,0.0,0.0,0.0,0.0,0.0,0.0,0.0,0.0,0.0,0.0,0.0,0.0,0.0,0.0,0.0,0.0,0.0,0.0,0.0,0.0,0.0,0.0,0.0,0.0,0.0,0.40,0.0]
Total cost: 0
assigning lease 1 to address 00000760
Average Cache Occupancy Per Bin: [0.0,0.0,0.0,0.0,0.0,0.0,0.0,0.0,0.0,0.0,0.0,0.0,0.0,0.0,0.0,0.0,0.0,0.0,0.0,0.0,0.0,0.0,0.0,0.0,0.0,0.0,0.0,0.0,0.0,0.0,0.41,0.0]
Total cost: 0
assigning lease 1 to address 000007bc
Average Cache Occupancy Per Bin: [0.0,0.0,0.0,0.0,0.0,0.0,0.0,0.0,0.0,0.0,0.0,0.0,0.0,0.0,0.0,0.0,0.0,0.0,0.0,0.0,0.0,0.0,0.0,0.0,0.0,0.0,0.0,0.0,0.0,0.0,0.46,0.0]
Total cost: 0
assigning lease 1 to address 00000794
Average Cache Occupancy Per Bin: [0.0,0.0,0.0,0.0,0.0,0.0,0.0,0.0,0.0,0.0,0.0,0.0,0.0,0.0,0.0,0.0,0.0,0.0,0.0,0.0,0.0,0.0,0.0,0.0,0.0,0.0,0.0,0.0,0.0,0.0,0.51,0.0]
Total cost: 0
assigning lease 1 to address 00000814
Average Cache Occupancy Per Bin: [0.0,0.0,0.0,0.0,0.0,0.0,0.0,0.0,0.0,0.0,0.0,0.0,0.0,0.0,0.0,0.0,0.0,0.0,0.0,0.0,0.0,0.0,0.0,0.0,0.0,0.0,0.0,0.0,0.0,0.0,0.56,0.0]
Total cost: 0
assigning lease 1 to address 0000074c
Average Cache Occupancy Per Bin: [0.0,0.0,0.0,0.0,0.0,0.0,0.0,0.0,0.0,0.0,0.0,0.0,0.0,0.0,0.0,0.0,0.0,0.0,0.0,0.0,0.0,0.0,0.0,0.0,0.0,0.0,0.0,0.0,0.0,0.0,0.56,0.0]
Total cost: 0
assigning lease 1 to address 00000848
Average Cache Occupancy Per Bin: [0.0,0.0,0.0,0.0,0.0,0.0,0.0,0.0,0.0,0.0,0.0,0.0,0.0,0.0,0.0,0.0,0.0,0.0,0.0,0.0,0.0,0.0,0.0,0.0,0.0,0.0,0.0,0.0,0.0,0.0,0.56,0.0]
Total cost: 0
assigning lease 1 to address 00000850
Average Cache Occupancy Per Bin: [0.0,0.0,0.0,0.0,0.0,0.0,0.0,0.0,0.0,0.0,0.0,0.0,0.0,0.0,0.0,0.0,0.0,0.0,0.0,0.0,0.0,0.0,0.0,0.0,0.0,0.0,0.0,0.0,0.0,0.0,0.57,0.0]
Total cost: 0
assigning lease 1 to address 00000820
Average Cache Occupancy Per Bin: [0.0,0.0,0.0,0.0,0.0,0.0,0.0,0.0,0.0,0.0,0.0,0.0,0.0,0.0,0.0,0.0,0.0,0.0,0.0,0.0,0.0,0.0,0.0,0.0,0.0,0.0,0.0,0.0,0.0,0.0,0.57,0.0]
Total cost: 0
assigning lease 1 to address 0000086c
Average Cache Occupancy Per Bin: [0.0,0.0,0.0,0.0,0.0,0.0,0.0,0.0,0.0,0.0,0.0,0.0,0.0,0.0,0.0,0.0,0.0,0.0,0.0,0.0,0.0,0.0,0.0,0.0,0.0,0.0,0.0,0.0,0.0,0.0,0.57,0.0]
Total cost: 0
assigning lease 1 to address 00000840
Average Cache Occupancy Per Bin: [0.0,0.0,0.0,0.0,0.0,0.0,0.0,0.0,0.0,0.0,0.0,0.0,0.0,0.0,0.0,0.0,0.0,0.0,0.0,0.0,0.0,0.0,0.0,0.0,0.0,0.0,0.0,0.0,0.0,0.0,0.57,0.0]
Total cost: 0
assigning lease 1 to address 00000894
Average Cache Occupancy Per Bin: [0.0,0.0,0.0,0.0,0.0,0.0,0.0,0.0,0.0,0.0,0.0,0.0,0.0,0.0,0.0,0.0,0.0,0.0,0.0,0.0,0.0,0.0,0.0,0.0,0.0,0.0,0.0,0.0,0.0,0.0,0.57,0.0]
Total cost: 0
assigning lease 1 to address 00000830
Average Cache Occupancy Per Bin: [0.0,0.0,0.0,0.0,0.0,0.0,0.0,0.0,0.0,0.0,0.0,0.0,0.0,0.0,0.0,0.0,0.0,0.0,0.0,0.0,0.0,0.0,0.0,0.0,0.0,0.0,0.0,0.0,0.0,0.0,0.57,0.0]
Total cost: 0
assigning lease 1 to address 0000089c
Average Cache Occupancy Per Bin: [0.0,0.0,0.0,0.0,0.0,0.0,0.0,0.0,0.0,0.0,0.0,0.0,0.0,0.0,0.0,0.0,0.0,0.0,0.0,0.0,0.0,0.0,0.0,0.0,0.0,0.0,0.0,0.0,0.0,0.0,0.58,0.0]
Total cost: 0
assigning lease 1 to address 000008a0
Average Cache Occupancy Per Bin: [0.0,0.0,0.0,0.0,0.0,0.0,0.0,0.0,0.0,0.0,0.0,0.0,0.0,0.0,0.0,0.0,0.0,0.0,0.0,0.0,0.0,0.0,0.0,0.0,0.0,0.0,0.0,0.0,0.0,0.0,0.58,0.0]
Total cost: 0
assigning lease 1 to address 0000082c
Average Cache Occupancy Per Bin: [0.0,0.0,0.0,0.0,0.0,0.0,0.0,0.0,0.0,0.0,0.0,0.0,0.0,0.0,0.0,0.0,0.0,0.0,0.0,0.0,0.0,0.0,0.0,0.0,0.0,0.0,0.0,0.0,0.0,0.0,0.58,0.0]
Total cost: 0
assigning lease 1 to address 000008a4
Average Cache Occupancy Per Bin: [0.0,0.0,0.0,0.0,0.0,0.0,0.0,0.0,0.0,0.0,0.0,0.0,0.0,0.0,0.0,0.0,0.0,0.0,0.0,0.0,0.0,0.0,0.0,0.0,0.0,0.0,0.0,0.0,0.0,0.0,0.58,0.0]
Total cost: 0
assigning lease 1 to address 00000744
Average Cache Occupancy Per Bin: [0.0,0.0,0.0,0.0,0.0,0.0,0.0,0.0,0.0,0.0,0.0,0.0,0.0,0.0,0.0,0.0,0.0,0.0,0.0,0.0,0.0,0.0,0.0,0.0,0.0,0.0,0.0,0.0,0.0,0.0,0.58,0.0]
Total cost: 0
assigning lease 1 to address 000008b8
Average Cache Occupancy Per Bin: [0.0,0.0,0.0,0.0,0.0,0.0,0.0,0.0,0.0,0.0,0.0,0.0,0.0,0.0,0.0,0.0,0.0,0.0,0.0,0.0,0.0,0.0,0.0,0.0,0.0,0.0,0.0,0.0,0.0,0.0,0.58,0.0]
Total cost: 0
assigning lease 1 to address 000008ac
Average Cache Occupancy Per Bin: [0.0,0.0,0.0,0.0,0.0,0.0,0.0,0.0,0.0,0.0,0.0,0.0,0.0,0.0,0.0,0.0,0.0,0.0,0.0,0.0,0.0,0.0,0.0,0.0,0.0,0.0,0.0,0.0,0.0,0.0,0.58,0.0]
Total cost: 0
assigning lease 1 to address 00000838
Average Cache Occupancy Per Bin: [0.0,0.0,0.0,0.0,0.0,0.0,0.0,0.0,0.0,0.0,0.0,0.0,0.0,0.0,0.0,0.0,0.0,0.0,0.0,0.0,0.0,0.0,0.0,0.0,0.0,0.0,0.0,0.0,0.0,0.0,0.58,0.0]
Total cost: 0
assigning lease 1 to address 000008bc
Average Cache Occupancy Per Bin: [0.0,0.0,0.0,0.0,0.0,0.0,0.0,0.0,0.0,0.0,0.0,0.0,0.0,0.0,0.0,0.0,0.0,0.0,0.0,0.0,0.0,0.0,0.0,0.0,0.0,0.0,0.0,0.0,0.0,0.0,0.58,0.0]
Total cost: 0
assigning lease 1 to address 000008d4
Average Cache Occupancy Per Bin: [0.0,0.0,0.0,0.0,0.0,0.0,0.0,0.0,0.0,0.0,0.0,0.0,0.0,0.0,0.0,0.0,0.0,0.0,0.0,0.0,0.0,0.0,0.0,0.0,0.0,0.0,0.0,0.0,0.0,0.0,0.58,0.0]
Total cost: 0
assigning lease 1 to address 000008b4
Average Cache Occupancy Per Bin: [0.0,0.0,0.0,0.0,0.0,0.0,0.0,0.0,0.0,0.0,0.0,0.0,0.0,0.0,0.0,0.0,0.0,0.0,0.0,0.0,0.0,0.0,0.0,0.0,0.0,0.0,0.0,0.0,0.0,0.0,0.58,0.0]
Total cost: 0
assigning lease 2 to address 000007f8
Average Cache Occupancy Per Bin: [0.0,0.0,0.0,0.0,0.0,0.0,0.0,0.0,0.0,0.0,0.0,0.0,0.0,0.0,0.0,0.0,0.0,0.0,0.0,0.0,0.0,0.0,0.0,0.0,0.0,0.0,0.0,0.0,0.0,0.0,0.68,0.0]
Total cost: 0
assigning lease 2 to address 000007dc
Average Cache Occupancy Per Bin: [0.0,0.0,0.0,0.0,0.0,0.0,0.0,0.0,0.0,0.0,0.0,0.0,0.0,0.0,0.0,0.0,0.0,0.0,0.0,0.0,0.0,0.0,0.0,0.0,0.0,0.0,0.0,0.0,0.0,0.0,0.78,0.0]
Total cost: 0
assigning lease 2 to address 000007a8
Average Cache Occupancy Per Bin: [0.0,0.0,0.0,0.0,0.0,0.0,0.0,0.0,0.0,0.0,0.0,0.0,0.0,0.0,0.0,0.0,0.0,0.0,0.0,0.0,0.0,0.0,0.0,0.0,0.0,0.0,0.0,0.0,0.0,0.0,0.88,0.0]
Total cost: 0
assigning lease 2 to address 00000770
Average Cache Occupancy Per Bin: [0.0,0.0,0.0,0.0,0.0,0.0,0.0,0.0,0.0,0.0,0.0,0.0,0.0,0.0,0.0,0.0,0.0,0.0,0.0,0.0,0.0,0.0,0.0,0.0,0.0,0.0,0.0,0.0,0.0,0.0,0.98,0.0]
Total cost: 0
assigning lease 2 to address 00000880
Average Cache Occupancy Per Bin: [0.0,0.0,0.0,0.0,0.0,0.0,0.0,0.0,0.0,0.0,0.0,0.0,0.0,0.0,0.0,0.0,0.0,0.0,0.0,0.0,0.0,0.0,0.0,0.0,0.0,0.0,0.0,0.0,0.0,0.0,0.99,0.0]
Total cost: 0
assigning lease 2 to address 00000754
Average Cache Occupancy Per Bin: [0.0,0.0,0.0,0.0,0.0,0.0,0.0,0.0,0.0,0.0,0.0,0.0,0.0,0.0,0.0,0.0,0.0,0.0,0.0,0.0,0.0,0.0,0.0,0.0,0.0,0.0,0.0,0.0,0.0,0.0,0.99,0.0]
Total cost: 0
assigning lease 2 to address 00000860
Average Cache Occupancy Per Bin: [0.0,0.0,0.0,0.0,0.0,0.0,0.0,0.0,0.0,0.0,0.0,0.0,0.0,0.0,0.0,0.0,0.0,0.0,0.0,0.0,0.0,0.0,0.0,0.0,0.0,0.0,0.0,0.0,0.0,0.0,0.99,0.0]
Total cost: 0
assigning lease 6 to address 0000075c
Average Cache Occupancy Per Bin: [0.00,0.00,0.0,0.0,0.0,0.0,0.0,0.0,0.0,0.0,0.0,0.0,0.0,0.0,0.0,0.0,0.0,0.0,0.0,0.0,0.0,0.0,0.0,0.0,0.0,0.0,0.0,0.0,0.0,0.0,0.99,0.0]
Total cost: 48000.0
assigning lease 11 to address 00000804
Average Cache Occupancy Per Bin: [0.19,0.17,0.0,0.0,0.0,0.0,0.0,0.0,0.0,0.0,0.0,0.0,0.0,0.0,0.0,0.0,0.0,0.0,0.0,0.0,0.0,0.0,0.0,0.0,0.0,0.0,0.0,0.0,0.0,0.0,0.99,0.0]
Total cost: 1749184.0
assigning lease 12 to address 00000778
Average Cache Occupancy Per Bin: [0.52,0.45,0.0,0.0,0.0,0.0,0.0,0.0,0.0,0.0,0.0,0.0,0.0,0.0,0.0,0.0,0.0,0.0,0.0,0.0,0.0,0.0,0.0,0.0,0.0,0.0,0.0,0.0,0.0,0.0,0.99,0.0]
Total cost: 4594624.0
assigning lease 12 to address 00000868
Average Cache Occupancy Per Bin: [0.53,0.46,0.0,0.0,0.0,0.0,0.0,0.0,0.0,0.0,0.0,0.0,0.0,0.0,0.0,0.0,0.0,0.0,0.0,0.0,0.0,0.0,0.0,0.0,0.0,0.0,0.0,0.0,0.0,0.0,0.99,0.0]
Total cost: 4684480.0
assigning lease 12 to address 00000890
Average Cache Occupancy Per Bin: [0.53,0.46,0.00,0.00,0.00,0.00,0.00,0.00,0.00,0.00,0.00,0.00,0.00,0.00,0.00,0.00,0.00,0.00,0.00,0.00,0.00,0.00,0.00,0.00,0.00,0.00,0.00,0.00,0.00,0.00,0.99,0.00]
Total cost: 4689088.0
assigning lease 19 to address 000007b8
Average Cache Occupancy Per Bin: [0.56,0.49,0.02,0.03,0.02,0.03,0.02,0.03,0.02,0.03,0.02,0.03,0.03,0.02,0.03,0.03,0.03,0.03,0.03,0.03,0.02,0.03,0.03,0.03,0.02,0.02,0.02,0.03,0.02,0.02,1.02,0.03]
Total cost: 4937152.0
assigning lease 25 to address 00000890
Average Cache Occupancy Per Bin: [0.56,0.49,0.02,0.03,0.02,0.03,0.02,0.03,0.03,0.03,0.03,0.03,0.03,0.02,0.03,0.03,0.03,0.03,0.03,0.03,0.02,0.03,0.03,0.03,0.02,0.02,0.02,0.03,0.02,0.03,1.02,0.03]
Total cost: 4937152.0
assigning lease 208 to address 00000804
Average Cache Occupancy Per Bin: [0.56,0.50,0.02,0.03,0.02,0.03,0.02,0.03,0.03,0.03,0.03,0.03,0.03,0.02,0.03,0.03,0.03,0.03,0.03,0.03,0.02,0.03,0.03,0.03,0.02,0.02,0.02,0.03,0.02,0.03,1.02,0.03]
Total cost: 4987584.0
assigning lease 561 to address 000007b8
Average Cache Occupancy Per Bin: [0.60,0.53,0.08,0.09,0.08,0.08,0.08,0.09,0.08,0.09,0.08,0.09,0.07,0.08,0.08,0.08,0.06,0.07,0.08,0.09,0.08,0.08,0.06,0.08,0.09,0.06,0.09,0.09,0.09,0.05,1.06,0.07]
Total cost: 5350464.0
assigning lease 185 to address 00000868
Average Cache Occupancy Per Bin: [0.61,0.54,0.08,0.09,0.08,0.08,0.08,0.09,0.08,0.09,0.08,0.09,0.07,0.08,0.08,0.08,0.06,0.07,0.08,0.09,0.08,0.08,0.06,0.08,0.09,0.06,0.09,0.09,0.09,0.05,1.06,0.07]
Total cost: 5394752.0
assigning lease 580 to address 000007e8
Average Cache Occupancy Per Bin: [1.67,1.57,1.09,1.12,1.14,1.18,1.05,1.10,1.09,1.16,1.21,1.04,1.19,1.08,1.19,1.10,1.17,1.15,1.08,1.14,1.19,1.13,1.04,1.13,0.81,0.60,0.61,0.62,0.66,0.54,1.55,0.59]
Total cost: 14711872.0
assigning lease 976 to address 000007e8
Average Cache Occupancy Per Bin: [1.72,1.67,1.18,1.21,1.18,1.28,1.09,1.17,1.13,1.26,1.25,1.10,1.24,1.13,1.24,1.13,1.26,1.19,1.17,1.18,1.30,1.19,1.12,1.18,0.88,0.63,0.66,0.66,0.71,0.56,1.56,0.63]
Total cost: 15142720.0
assigning lease 8136 to address 00000804
Average Cache Occupancy Per Bin: [1.95,1.67,1.18,1.21,1.18,1.28,1.09,1.17,1.13,1.26,1.25,1.10,1.24,1.13,1.24,1.13,1.26,1.19,1.17,1.18,1.30,1.19,1.12,1.18,0.88,0.63,0.66,0.66,0.71,0.56,1.56,0.63]
Total cost: 17172288.0
assigning lease 16037 to address 000007e8
Average Cache Occupancy Per Bin: [2.95,2.73,2.82,1.89,2.06,2.23,1.98,1.68,2.02,2.10,2.14,1.67,2.24,1.71,1.93,1.60,2.49,2.02,1.84,2.00,2.48,2.25,1.79,2.18,2.20,1.22,1.17,1.36,1.10,0.85,1.80,1.02]
Total cost: 25978560.0
assigning lease 9297 to address 00000868
Average Cache Occupancy Per Bin: [2.95,3.13,2.82,1.89,2.06,2.23,1.98,1.68,2.02,2.10,2.14,1.67,2.24,1.71,1.93,1.60,2.49,2.02,1.84,2.00,2.48,2.25,1.79,2.18,2.20,1.22,1.17,1.36,1.10,0.85,1.80,1.02]
Total cost: 25978560.0
Final saturation:
	0,2.9525385510619726
	1,3.134317718940937
	2,2.829276985743381
	3,1.8913296479487927
	4,2.0692973523421587
	5,2.233837649112598
	6,1.9821210357870236
	7,1.6821719522839687
	8,2.0201483852196684
	9,2.104895257491999
	10,2.142784405004364
	11,1.670068373581612
	12,2.2418824556299097
	13,1.7154204247890603
	14,1.9300552807681117
	15,1.6022185045097468
	16,2.4957011929007855
	17,2.0205557171952284
	18,1.8444064591213267
	19,2.009514111143439
	20,2.486405295315682
	21,2.251178353215013
	22,1.7930244399185336
	23,2.185561536223451
	24,2.2072810590631367
	25,1.2262147221414024
	26,1.1732033750363688
	27,1.36769711958103
	28,1.103287750945592
	29,0.8584084957812045
	30,1.8020512074483561
	31,1.028389583939482
Dump single leases (last one may be dual)
0000073c 1
000007f8 2
000007b8 231
00000778 c
00000768 1
00000810 1
0000077c 1
0000078c 1
00000804 1fc8
000007dc 2
000007a8 2
00000828 1
00000770 2
000007f0 1
00000808 1
000007d4 1
00000818 1
000007e8 3ea5
00000760 1
000007bc 1
00000794 1
00000814 1
0000075c 6
0000074c 1
00000848 1
00000890 19
00000880 2
00000850 1
00000754 2
00000820 1
00000868 2451
0000086c 1
00000840 1
00000894 1
00000830 1
0000089c 1
000008a0 1
0000082c 1
000008a4 1
00000860 2
00000744 1
000008b8 1
000008ac 1
00000838 1
000008bc 1
000008d4 1
000008b4 1
Dump dual leases

