sample rate: 0.015625
len(carl_order):
36
Printing carl assignment order:
000006ec,1,1.0
00000744,1,1.0
0000079c,1,1.0
00000794,1,1.0
000006f8,1,1.0
00000768,1,1.0
0000071c,1,1.0
00000738,1,1.0
00000798,1,1.0
00000710,1,1.0
0000075c,1,1.0
0000078c,1,1.0
000007a4,1,1.0
000007ac,1,1.0
000007b4,1,1.0
000006e4,1,1.0
000007b0,1,1.0
000007c4,1,1.0
000006dc,1,1.0
000007cc,1,1.0
000007c8,1,1.0
000007bc,1,1.0
00000700,2,0.5
00000724,2,0.5
0000074c,2,0.5
0000077c,2,0.5
00000758,4,0.25
00000788,16,0.06138951014054613
0000070c,20,0.05245730301269193
00000730,20,0.046896214449049595
00000788,23,0.008932720607218465
00000730,3547,0.0003008943015752782
0000070c,1231,3.6393147898113743e-06
00000730,627322,2.5085306766544093e-06
0000070c,648815,1.55886986156401e-06
00000788,648963,1.5372478825475955e-06
TRACE LENGTH: 115724416.0
assigning lease 1 to address 000006ec
Average Cache Occupancy Per Bin: [0.0,0.0,0.0,0.0,0.0,0.0,0.0,0.0,0.0,0.0,0.0,0.0,0.0,0.0,0.0,0.0,0.0,0.0,0.0,0.0,0.0,0.0,0.0,0.0,0.0,0.0,0.0,0.0,0.0,0.0,0.04,0.0]
Total cost: 0
assigning lease 1 to address 00000744
Average Cache Occupancy Per Bin: [0.0,0.0,0.0,0.0,0.0,0.0,0.0,0.0,0.0,0.0,0.0,0.0,0.0,0.0,0.0,0.0,0.0,0.0,0.0,0.0,0.0,0.0,0.0,0.0,0.0,0.0,0.0,0.0,0.0,0.0,0.09,0.0]
Total cost: 0
assigning lease 1 to address 0000079c
Average Cache Occupancy Per Bin: [0.0,0.0,0.0,0.0,0.0,0.0,0.0,0.0,0.0,0.0,0.0,0.0,0.0,0.0,0.0,0.0,0.0,0.0,0.0,0.0,0.0,0.0,0.0,0.0,0.0,0.0,0.0,0.0,0.0,0.0,0.14,0.0]
Total cost: 0
assigning lease 1 to address 00000794
Average Cache Occupancy Per Bin: [0.0,0.0,0.0,0.0,0.0,0.0,0.0,0.0,0.0,0.0,0.0,0.0,0.0,0.0,0.0,0.0,0.0,0.0,0.0,0.0,0.0,0.0,0.0,0.0,0.0,0.0,0.0,0.0,0.0,0.0,0.19,0.0]
Total cost: 0
assigning lease 1 to address 000006f8
Average Cache Occupancy Per Bin: [0.0,0.0,0.0,0.0,0.0,0.0,0.0,0.0,0.0,0.0,0.0,0.0,0.0,0.0,0.0,0.0,0.0,0.0,0.0,0.0,0.0,0.0,0.0,0.0,0.0,0.0,0.0,0.0,0.0,0.0,0.24,0.0]
Total cost: 0
assigning lease 1 to address 00000768
Average Cache Occupancy Per Bin: [0.0,0.0,0.0,0.0,0.0,0.0,0.0,0.0,0.0,0.0,0.0,0.0,0.0,0.0,0.0,0.0,0.0,0.0,0.0,0.0,0.0,0.0,0.0,0.0,0.0,0.0,0.0,0.0,0.0,0.0,0.29,0.0]
Total cost: 0
assigning lease 1 to address 0000071c
Average Cache Occupancy Per Bin: [0.0,0.0,0.0,0.0,0.0,0.0,0.0,0.0,0.0,0.0,0.0,0.0,0.0,0.0,0.0,0.0,0.0,0.0,0.0,0.0,0.0,0.0,0.0,0.0,0.0,0.0,0.0,0.0,0.0,0.0,0.34,0.0]
Total cost: 0
assigning lease 1 to address 00000738
Average Cache Occupancy Per Bin: [0.0,0.0,0.0,0.0,0.0,0.0,0.0,0.0,0.0,0.0,0.0,0.0,0.0,0.0,0.0,0.0,0.0,0.0,0.0,0.0,0.0,0.0,0.0,0.0,0.0,0.0,0.0,0.0,0.0,0.0,0.39,0.0]
Total cost: 0
assigning lease 1 to address 00000798
Average Cache Occupancy Per Bin: [0.0,0.0,0.0,0.0,0.0,0.0,0.0,0.0,0.0,0.0,0.0,0.0,0.0,0.0,0.0,0.0,0.0,0.0,0.0,0.0,0.0,0.0,0.0,0.0,0.0,0.0,0.0,0.0,0.0,0.0,0.45,0.0]
Total cost: 0
assigning lease 1 to address 00000710
Average Cache Occupancy Per Bin: [0.0,0.0,0.0,0.0,0.0,0.0,0.0,0.0,0.0,0.0,0.0,0.0,0.0,0.0,0.0,0.0,0.0,0.0,0.0,0.0,0.0,0.0,0.0,0.0,0.0,0.0,0.0,0.0,0.0,0.0,0.50,0.0]
Total cost: 0
assigning lease 1 to address 0000075c
Average Cache Occupancy Per Bin: [0.0,0.0,0.0,0.0,0.0,0.0,0.0,0.0,0.0,0.0,0.0,0.0,0.0,0.0,0.0,0.0,0.0,0.0,0.0,0.0,0.0,0.0,0.0,0.0,0.0,0.0,0.0,0.0,0.0,0.0,0.54,0.0]
Total cost: 0
assigning lease 1 to address 0000078c
Average Cache Occupancy Per Bin: [0.0,0.0,0.0,0.0,0.0,0.0,0.0,0.0,0.0,0.0,0.0,0.0,0.0,0.0,0.0,0.0,0.0,0.0,0.0,0.0,0.0,0.0,0.0,0.0,0.0,0.0,0.0,0.0,0.0,0.0,0.59,0.0]
Total cost: 0
assigning lease 1 to address 000007a4
Average Cache Occupancy Per Bin: [0.0,0.0,0.0,0.0,0.0,0.0,0.0,0.0,0.0,0.0,0.0,0.0,0.0,0.0,0.0,0.0,0.0,0.0,0.0,0.0,0.0,0.0,0.0,0.0,0.0,0.0,0.0,0.0,0.0,0.0,0.60,0.0]
Total cost: 0
assigning lease 1 to address 000007ac
Average Cache Occupancy Per Bin: [0.0,0.0,0.0,0.0,0.0,0.0,0.0,0.0,0.0,0.0,0.0,0.0,0.0,0.0,0.0,0.0,0.0,0.0,0.0,0.0,0.0,0.0,0.0,0.0,0.0,0.0,0.0,0.0,0.0,0.0,0.60,0.0]
Total cost: 0
assigning lease 1 to address 000007b4
Average Cache Occupancy Per Bin: [0.0,0.0,0.0,0.0,0.0,0.0,0.0,0.0,0.0,0.0,0.0,0.0,0.0,0.0,0.0,0.0,0.0,0.0,0.0,0.0,0.0,0.0,0.0,0.0,0.0,0.0,0.0,0.0,0.0,0.0,0.60,0.0]
Total cost: 0
assigning lease 1 to address 000006e4
Average Cache Occupancy Per Bin: [0.0,0.0,0.0,0.0,0.0,0.0,0.0,0.0,0.0,0.0,0.0,0.0,0.0,0.0,0.0,0.0,0.0,0.0,0.0,0.0,0.0,0.0,0.0,0.0,0.0,0.0,0.0,0.0,0.0,0.0,0.60,0.0]
Total cost: 0
assigning lease 1 to address 000007b0
Average Cache Occupancy Per Bin: [0.0,0.0,0.0,0.0,0.0,0.0,0.0,0.0,0.0,0.0,0.0,0.0,0.0,0.0,0.0,0.0,0.0,0.0,0.0,0.0,0.0,0.0,0.0,0.0,0.0,0.0,0.0,0.0,0.0,0.0,0.60,0.0]
Total cost: 0
assigning lease 1 to address 000007c4
Average Cache Occupancy Per Bin: [0.0,0.0,0.0,0.0,0.0,0.0,0.0,0.0,0.0,0.0,0.0,0.0,0.0,0.0,0.0,0.0,0.0,0.0,0.0,0.0,0.0,0.0,0.0,0.0,0.0,0.0,0.0,0.0,0.0,0.0,0.60,0.0]
Total cost: 0
assigning lease 1 to address 000006dc
Average Cache Occupancy Per Bin: [0.0,0.0,0.0,0.0,0.0,0.0,0.0,0.0,0.0,0.0,0.0,0.0,0.0,0.0,0.0,0.0,0.0,0.0,0.0,0.0,0.0,0.0,0.0,0.0,0.0,0.0,0.0,0.0,0.0,0.0,0.60,0.0]
Total cost: 0
assigning lease 1 to address 000007cc
Average Cache Occupancy Per Bin: [0.0,0.0,0.0,0.0,0.0,0.0,0.0,0.0,0.0,0.0,0.0,0.0,0.0,0.0,0.0,0.0,0.0,0.0,0.0,0.0,0.0,0.0,0.0,0.0,0.0,0.0,0.0,0.0,0.0,0.0,0.60,0.0]
Total cost: 0
assigning lease 1 to address 000007c8
Average Cache Occupancy Per Bin: [0.0,0.0,0.0,0.0,0.0,0.0,0.0,0.0,0.0,0.0,0.0,0.0,0.0,0.0,0.0,0.0,0.0,0.0,0.0,0.0,0.0,0.0,0.0,0.0,0.0,0.0,0.0,0.0,0.0,0.0,0.60,0.0]
Total cost: 0
assigning lease 1 to address 000007bc
Average Cache Occupancy Per Bin: [0.0,0.0,0.0,0.0,0.0,0.0,0.0,0.0,0.0,0.0,0.0,0.0,0.0,0.0,0.0,0.0,0.0,0.0,0.0,0.0,0.0,0.0,0.0,0.0,0.0,0.0,0.0,0.0,0.0,0.0,0.60,0.0]
Total cost: 0
assigning lease 2 to address 00000700
Average Cache Occupancy Per Bin: [0.0,0.0,0.0,0.0,0.0,0.0,0.0,0.0,0.0,0.0,0.0,0.0,0.0,0.0,0.0,0.0,0.0,0.0,0.0,0.0,0.0,0.0,0.0,0.0,0.0,0.0,0.0,0.0,0.0,0.0,0.70,0.0]
Total cost: 0
assigning lease 2 to address 00000724
Average Cache Occupancy Per Bin: [0.0,0.0,0.0,0.0,0.0,0.0,0.0,0.0,0.0,0.0,0.0,0.0,0.0,0.0,0.0,0.0,0.0,0.0,0.0,0.0,0.0,0.0,0.0,0.0,0.0,0.0,0.0,0.0,0.0,0.0,0.80,0.0]
Total cost: 0
assigning lease 2 to address 0000074c
Average Cache Occupancy Per Bin: [0.0,0.0,0.0,0.0,0.0,0.0,0.0,0.0,0.0,0.0,0.0,0.0,0.0,0.0,0.0,0.0,0.0,0.0,0.0,0.0,0.0,0.0,0.0,0.0,0.0,0.0,0.0,0.0,0.0,0.0,0.90,0.0]
Total cost: 0
assigning lease 2 to address 0000077c
Average Cache Occupancy Per Bin: [0.0,0.0,0.0,0.0,0.0,0.0,0.0,0.0,0.0,0.0,0.0,0.0,0.0,0.0,0.0,0.0,0.0,0.0,0.0,0.0,0.0,0.0,0.0,0.0,0.0,0.0,0.0,0.0,0.0,0.0,1.00,0.0]
Total cost: 0
assigning lease 4 to address 00000758
Average Cache Occupancy Per Bin: [0.00,0.00,0.00,0.00,0.00,0.00,0.00,0.00,0.00,0.00,0.00,0.00,0.00,0.00,0.00,0.00,0.00,0.00,0.00,0.00,0.00,0.00,0.00,0.00,0.00,0.00,0.00,0.00,0.00,0.00,1.00,0.00]
Total cost: 723200.0
assigning lease 16 to address 00000788
Average Cache Occupancy Per Bin: [0.03,0.03,0.03,0.03,0.03,0.03,0.03,0.03,0.03,0.02,0.03,0.02,0.02,0.02,0.03,0.02,0.02,0.03,0.02,0.02,0.02,0.03,0.02,0.02,0.02,0.02,0.03,0.02,0.03,0.02,1.03,0.02]
Total cost: 3528832.0
assigning lease 20 to address 0000070c
Average Cache Occupancy Per Bin: [0.06,0.06,0.06,0.06,0.05,0.06,0.06,0.06,0.06,0.05,0.05,0.05,0.05,0.05,0.05,0.05,0.05,0.05,0.05,0.05,0.05,0.05,0.05,0.05,0.05,0.05,0.06,0.05,0.05,0.05,1.06,0.05]
Total cost: 6956416.0
assigning lease 20 to address 00000730
Average Cache Occupancy Per Bin: [0.09,0.09,0.09,0.09,0.09,0.09,0.09,0.09,0.09,0.09,0.09,0.08,0.09,0.09,0.09,0.09,0.08,0.08,0.09,0.08,0.08,0.09,0.09,0.09,0.09,0.09,0.09,0.08,0.08,0.09,1.09,0.09]
Total cost: 10568064.0
assigning lease 23 to address 00000788
Average Cache Occupancy Per Bin: [0.09,0.09,0.09,0.09,0.09,0.09,0.09,0.09,0.09,0.09,0.09,0.08,0.09,0.09,0.09,0.09,0.09,0.09,0.09,0.09,0.08,0.09,0.09,0.09,0.09,0.09,0.09,0.08,0.09,0.09,1.09,0.09]
Total cost: 10650048.0
assigning lease 3547 to address 00000730
Average Cache Occupancy Per Bin: [0.41,0.43,0.44,0.46,0.47,0.43,0.37,0.46,0.38,0.47,0.45,0.42,0.39,0.45,0.40,0.43,0.44,0.41,0.40,0.40,0.45,0.40,0.44,0.44,0.40,0.40,0.46,0.40,0.44,0.41,1.43,0.44]
Total cost: 48305472.0
assigning lease 1231 to address 0000070c
Average Cache Occupancy Per Bin: [0.42,0.44,0.45,0.48,0.48,0.44,0.38,0.47,0.39,0.48,0.46,0.43,0.40,0.47,0.41,0.44,0.45,0.42,0.41,0.41,0.46,0.41,0.45,0.45,0.40,0.41,0.47,0.40,0.45,0.42,1.43,0.45]
Total cost: 49700544.0
assigning lease 627322 to address 00000730
Average Cache Occupancy Per Bin: [0.42,0.53,0.45,0.98,0.54,0.71,0.38,0.47,0.39,0.76,0.46,0.43,0.40,1.06,0.67,0.69,0.45,1.01,0.41,1.13,0.46,0.41,0.98,0.66,0.57,0.92,0.90,0.62,0.72,0.61,1.66,0.69]
Total cost: 49700544.0
addr: 0000070c ri: 648815
bin target: 462897664.0
num_full_bins: 0
printing bin ranks sorted:
	selecting this^ bin
acceptable_ratio: 0.4229409163315866
Assigning 0000070c dual lease lease 648815 * 0.4229409163315866. Bin saturation: [3.11,3.16,3.01,3.69,2.81,3.27,2.49,1.52,2.90,2.57,2.12,3.00,1.30,3.93,2.63,3.71,2.26,3.27,3.42,4.0,3.02,1.76,2.34,2.62,2.08,2.52,3.16,2.73,2.59,1.81,3.16,3.40]
addr: 00000788 ri: 648963
bin target: 462897664.0
num_full_bins: 1
printing bin ranks sorted:
acceptable_ratio: 0
Final saturation:
	0,3.1141991756034155
	1,3.1655047990659138
	2,3.0184610833064927
	3,3.6996780219141314
	4,2.8113403556439693
	5,3.2783162173131757
	6,2.49359847936145
	7,1.5291316519287879
	8,2.90947409698218
	9,2.5759364742787954
	10,2.123718983100972
	11,3.000406691787066
	12,1.3048641922895055
	13,3.93256321682035
	14,2.635247147426721
	15,3.714449298630771
	16,2.2650549300045615
	17,3.2720753045775877
	18,3.4298486420384964
	19,4.0
	20,3.0252023787168922
	21,1.767624657851149
	22,2.3464584331761826
	23,2.6276276438007624
	24,2.0835176489657026
	25,2.520768272261357
	26,3.1680766375902336
	27,2.733231255305263
	28,2.5923921422243876
	29,1.8199235073244049
	30,3.1694708154954006
	31,3.4084018051233542
Dump single leases (last one may be dual)
0000070c 9e66f percentage 0.4229409163315866
0000070c 4cf percentage 0.5770590836684134
00000700 2
00000730 9927a
000006ec 1
00000758 4
00000744 1
00000724 2
0000079c 1
00000794 1
000006f8 1
00000768 1
0000071c 1
00000788 17
00000738 1
0000074c 2
00000798 1
0000077c 2
00000710 1
0000075c 1
0000078c 1
000007a4 1
000007ac 1
000007b4 1
000006e4 1
000007b0 1
000007c4 1
000006dc 1
000007cc 1
000007c8 1
000007bc 1
Dump dual leases

