sample rate: 0.015625
len(carl_order):
45
Printing carl assignment order:
000007bc,1,1.0
000007f0,1,1.0
00000838,1,1.0
00000848,1,1.0
00000840,1,1.0
000007c4,1,1.0
00000844,1,1.0
00000808,1,1.0
000007d8,1,1.0
00000820,1,1.0
00000860,1,1.0
00000858,1,1.0
000008f4,1,1.0
00000878,1,1.0
000008f8,1,1.0
000008d4,1,1.0
000008bc,1,1.0
000008ec,1,1.0
000008fc,1,1.0
000008a4,1,1.0
0000088c,1,1.0
00000904,1,1.0
00000914,1,1.0
00000870,1,1.0
00000910,1,1.0
0000090c,1,1.0
000007f8,2,0.5
000007cc,2,0.5
00000810,2,0.5
00000828,2,0.5
00000880,2,0.5
000008dc,2,0.5
000008ac,2,0.5
000008c4,2,0.5
00000834,7,0.14230343300110743
000008e8,14,0.14228341939185313
000007d4,10,0.1
00000888,10,0.1
00000804,17,0.055299539170506916
000008cc,17,0.054061624649859946
00000818,17,0.05377302436125966
00000818,1928,0.0005558643690939411
000008cc,1928,0.0005558643690939411
000008b8,2047,0.0004688037399146952
00000804,442298,4.270787648225077e-06
TRACE LENGTH: 485824.0
assigning lease 1 to address 000007bc
Average Cache Occupancy Per Bin: [0.0,0.0,0.0,0.0,0.0,0.0,0.0,0.0,0.0,0.0,0.0,0.0,0.0,0.0,0.0,0.0,0.0,0.0,0.0,0.0,0.0,0.0,0.0,0.0,0.0,0.0,0.0,0.0,0.0,0.0,0.00,0.0]
Total cost: 0
assigning lease 1 to address 000007f0
Average Cache Occupancy Per Bin: [0.0,0.0,0.0,0.0,0.0,0.0,0.0,0.0,0.0,0.0,0.0,0.0,0.0,0.0,0.0,0.0,0.0,0.0,0.0,0.0,0.0,0.0,0.0,0.0,0.0,0.0,0.0,0.0,0.0,0.0,0.02,0.0]
Total cost: 0
assigning lease 1 to address 00000838
Average Cache Occupancy Per Bin: [0.0,0.0,0.0,0.0,0.0,0.0,0.0,0.0,0.0,0.0,0.0,0.0,0.0,0.0,0.0,0.0,0.0,0.0,0.0,0.0,0.0,0.0,0.0,0.0,0.0,0.0,0.0,0.0,0.0,0.0,0.06,0.0]
Total cost: 0
assigning lease 1 to address 00000848
Average Cache Occupancy Per Bin: [0.0,0.0,0.0,0.0,0.0,0.0,0.0,0.0,0.0,0.0,0.0,0.0,0.0,0.0,0.0,0.0,0.0,0.0,0.0,0.0,0.0,0.0,0.0,0.0,0.0,0.0,0.0,0.0,0.0,0.0,0.09,0.0]
Total cost: 0
assigning lease 1 to address 00000840
Average Cache Occupancy Per Bin: [0.0,0.0,0.0,0.0,0.0,0.0,0.0,0.0,0.0,0.0,0.0,0.0,0.0,0.0,0.0,0.0,0.0,0.0,0.0,0.0,0.0,0.0,0.0,0.0,0.0,0.0,0.0,0.0,0.0,0.0,0.12,0.0]
Total cost: 0
assigning lease 1 to address 000007c4
Average Cache Occupancy Per Bin: [0.0,0.0,0.0,0.0,0.0,0.0,0.0,0.0,0.0,0.0,0.0,0.0,0.0,0.0,0.0,0.0,0.0,0.0,0.0,0.0,0.0,0.0,0.0,0.0,0.0,0.0,0.0,0.0,0.0,0.0,0.15,0.0]
Total cost: 0
assigning lease 1 to address 00000844
Average Cache Occupancy Per Bin: [0.0,0.0,0.0,0.0,0.0,0.0,0.0,0.0,0.0,0.0,0.0,0.0,0.0,0.0,0.0,0.0,0.0,0.0,0.0,0.0,0.0,0.0,0.0,0.0,0.0,0.0,0.0,0.0,0.0,0.0,0.18,0.0]
Total cost: 0
assigning lease 1 to address 00000808
Average Cache Occupancy Per Bin: [0.0,0.0,0.0,0.0,0.0,0.0,0.0,0.0,0.0,0.0,0.0,0.0,0.0,0.0,0.0,0.0,0.0,0.0,0.0,0.0,0.0,0.0,0.0,0.0,0.0,0.0,0.0,0.0,0.0,0.0,0.21,0.0]
Total cost: 0
assigning lease 1 to address 000007d8
Average Cache Occupancy Per Bin: [0.0,0.0,0.0,0.0,0.0,0.0,0.0,0.0,0.0,0.0,0.0,0.0,0.0,0.0,0.0,0.0,0.0,0.0,0.0,0.0,0.0,0.0,0.0,0.0,0.0,0.0,0.0,0.0,0.0,0.0,0.24,0.0]
Total cost: 0
assigning lease 1 to address 00000820
Average Cache Occupancy Per Bin: [0.0,0.0,0.0,0.0,0.0,0.0,0.0,0.0,0.0,0.0,0.0,0.0,0.0,0.0,0.0,0.0,0.0,0.0,0.0,0.0,0.0,0.0,0.0,0.0,0.0,0.0,0.0,0.0,0.0,0.0,0.27,0.0]
Total cost: 0
assigning lease 1 to address 00000860
Average Cache Occupancy Per Bin: [0.0,0.0,0.0,0.0,0.0,0.0,0.0,0.0,0.0,0.0,0.0,0.0,0.0,0.0,0.0,0.0,0.0,0.0,0.0,0.0,0.0,0.0,0.0,0.0,0.0,0.0,0.0,0.0,0.0,0.0,0.27,0.0]
Total cost: 0
assigning lease 1 to address 00000858
Average Cache Occupancy Per Bin: [0.0,0.0,0.0,0.0,0.0,0.0,0.0,0.0,0.0,0.0,0.0,0.0,0.0,0.0,0.0,0.0,0.0,0.0,0.0,0.0,0.0,0.0,0.0,0.0,0.0,0.0,0.0,0.0,0.0,0.0,0.27,0.0]
Total cost: 0
assigning lease 1 to address 000008f4
Average Cache Occupancy Per Bin: [0.0,0.0,0.0,0.0,0.0,0.0,0.0,0.0,0.0,0.0,0.0,0.0,0.0,0.0,0.0,0.0,0.0,0.0,0.0,0.0,0.0,0.0,0.0,0.0,0.0,0.0,0.0,0.0,0.0,0.0,0.30,0.0]
Total cost: 0
assigning lease 1 to address 00000878
Average Cache Occupancy Per Bin: [0.0,0.0,0.0,0.0,0.0,0.0,0.0,0.0,0.0,0.0,0.0,0.0,0.0,0.0,0.0,0.0,0.0,0.0,0.0,0.0,0.0,0.0,0.0,0.0,0.0,0.0,0.0,0.0,0.0,0.0,0.33,0.0]
Total cost: 0
assigning lease 1 to address 000008f8
Average Cache Occupancy Per Bin: [0.0,0.0,0.0,0.0,0.0,0.0,0.0,0.0,0.0,0.0,0.0,0.0,0.0,0.0,0.0,0.0,0.0,0.0,0.0,0.0,0.0,0.0,0.0,0.0,0.0,0.0,0.0,0.0,0.0,0.0,0.36,0.0]
Total cost: 0
assigning lease 1 to address 000008d4
Average Cache Occupancy Per Bin: [0.0,0.0,0.0,0.0,0.0,0.0,0.0,0.0,0.0,0.0,0.0,0.0,0.0,0.0,0.0,0.0,0.0,0.0,0.0,0.0,0.0,0.0,0.0,0.0,0.0,0.0,0.0,0.0,0.0,0.0,0.39,0.0]
Total cost: 0
assigning lease 1 to address 000008bc
Average Cache Occupancy Per Bin: [0.0,0.0,0.0,0.0,0.0,0.0,0.0,0.0,0.0,0.0,0.0,0.0,0.0,0.0,0.0,0.0,0.0,0.0,0.0,0.0,0.0,0.0,0.0,0.0,0.0,0.0,0.0,0.0,0.0,0.0,0.42,0.0]
Total cost: 0
assigning lease 1 to address 000008ec
Average Cache Occupancy Per Bin: [0.0,0.0,0.0,0.0,0.0,0.0,0.0,0.0,0.0,0.0,0.0,0.0,0.0,0.0,0.0,0.0,0.0,0.0,0.0,0.0,0.0,0.0,0.0,0.0,0.0,0.0,0.0,0.0,0.0,0.0,0.45,0.0]
Total cost: 0
assigning lease 1 to address 000008fc
Average Cache Occupancy Per Bin: [0.0,0.0,0.0,0.0,0.0,0.0,0.0,0.0,0.0,0.0,0.0,0.0,0.0,0.0,0.0,0.0,0.0,0.0,0.0,0.0,0.0,0.0,0.0,0.0,0.0,0.0,0.0,0.0,0.0,0.0,0.48,0.0]
Total cost: 0
assigning lease 1 to address 000008a4
Average Cache Occupancy Per Bin: [0.0,0.0,0.0,0.0,0.0,0.0,0.0,0.0,0.0,0.0,0.0,0.0,0.0,0.0,0.0,0.0,0.0,0.0,0.0,0.0,0.0,0.0,0.0,0.0,0.0,0.0,0.0,0.0,0.0,0.0,0.51,0.0]
Total cost: 0
assigning lease 1 to address 0000088c
Average Cache Occupancy Per Bin: [0.0,0.0,0.0,0.0,0.0,0.0,0.0,0.0,0.0,0.0,0.0,0.0,0.0,0.0,0.0,0.0,0.0,0.0,0.0,0.0,0.0,0.0,0.0,0.0,0.0,0.0,0.0,0.0,0.0,0.0,0.54,0.0]
Total cost: 0
assigning lease 1 to address 00000904
Average Cache Occupancy Per Bin: [0.0,0.0,0.0,0.0,0.0,0.0,0.0,0.0,0.0,0.0,0.0,0.0,0.0,0.0,0.0,0.0,0.0,0.0,0.0,0.0,0.0,0.0,0.0,0.0,0.0,0.0,0.0,0.0,0.0,0.0,0.54,0.0]
Total cost: 0
assigning lease 1 to address 00000914
Average Cache Occupancy Per Bin: [0.0,0.0,0.0,0.0,0.0,0.0,0.0,0.0,0.0,0.0,0.0,0.0,0.0,0.0,0.0,0.0,0.0,0.0,0.0,0.0,0.0,0.0,0.0,0.0,0.0,0.0,0.0,0.0,0.0,0.0,0.54,0.0]
Total cost: 0
assigning lease 1 to address 00000870
Average Cache Occupancy Per Bin: [0.0,0.0,0.0,0.0,0.0,0.0,0.0,0.0,0.0,0.0,0.0,0.0,0.0,0.0,0.0,0.0,0.0,0.0,0.0,0.0,0.0,0.0,0.0,0.0,0.0,0.0,0.0,0.0,0.0,0.0,0.54,0.0]
Total cost: 0
assigning lease 1 to address 00000910
Average Cache Occupancy Per Bin: [0.0,0.0,0.0,0.0,0.0,0.0,0.0,0.0,0.0,0.0,0.0,0.0,0.0,0.0,0.0,0.0,0.0,0.0,0.0,0.0,0.0,0.0,0.0,0.0,0.0,0.0,0.0,0.0,0.0,0.0,0.54,0.0]
Total cost: 0
assigning lease 1 to address 0000090c
Average Cache Occupancy Per Bin: [0.0,0.0,0.0,0.0,0.0,0.0,0.0,0.0,0.0,0.0,0.0,0.0,0.0,0.0,0.0,0.0,0.0,0.0,0.0,0.0,0.0,0.0,0.0,0.0,0.0,0.0,0.0,0.0,0.0,0.0,0.54,0.0]
Total cost: 0
assigning lease 2 to address 000007f8
Average Cache Occupancy Per Bin: [0.0,0.0,0.0,0.0,0.0,0.0,0.0,0.0,0.0,0.0,0.0,0.0,0.0,0.0,0.0,0.0,0.0,0.0,0.0,0.0,0.0,0.0,0.0,0.0,0.0,0.0,0.0,0.0,0.0,0.0,0.59,0.0]
Total cost: 0
assigning lease 2 to address 000007cc
Average Cache Occupancy Per Bin: [0.0,0.0,0.0,0.0,0.0,0.0,0.0,0.0,0.0,0.0,0.0,0.0,0.0,0.0,0.0,0.0,0.0,0.0,0.0,0.0,0.0,0.0,0.0,0.0,0.0,0.0,0.0,0.0,0.0,0.0,0.65,0.0]
Total cost: 0
assigning lease 2 to address 00000810
Average Cache Occupancy Per Bin: [0.0,0.0,0.0,0.0,0.0,0.0,0.0,0.0,0.0,0.0,0.0,0.0,0.0,0.0,0.0,0.0,0.0,0.0,0.0,0.0,0.0,0.0,0.0,0.0,0.0,0.0,0.0,0.0,0.0,0.0,0.70,0.0]
Total cost: 0
assigning lease 2 to address 00000828
Average Cache Occupancy Per Bin: [0.0,0.0,0.0,0.0,0.0,0.0,0.0,0.0,0.0,0.0,0.0,0.0,0.0,0.0,0.0,0.0,0.0,0.0,0.0,0.0,0.0,0.0,0.0,0.0,0.0,0.0,0.0,0.0,0.0,0.0,0.76,0.0]
Total cost: 0
assigning lease 2 to address 00000880
Average Cache Occupancy Per Bin: [0.0,0.0,0.0,0.0,0.0,0.0,0.0,0.0,0.0,0.0,0.0,0.0,0.0,0.0,0.0,0.0,0.0,0.0,0.0,0.0,0.0,0.0,0.0,0.0,0.0,0.0,0.0,0.0,0.0,0.0,0.82,0.0]
Total cost: 0
assigning lease 2 to address 000008dc
Average Cache Occupancy Per Bin: [0.0,0.0,0.0,0.0,0.0,0.0,0.0,0.0,0.0,0.0,0.0,0.0,0.0,0.0,0.0,0.0,0.0,0.0,0.0,0.0,0.0,0.0,0.0,0.0,0.0,0.0,0.0,0.0,0.0,0.0,0.88,0.0]
Total cost: 0
assigning lease 2 to address 000008ac
Average Cache Occupancy Per Bin: [0.0,0.0,0.0,0.0,0.0,0.0,0.0,0.0,0.0,0.0,0.0,0.0,0.0,0.0,0.0,0.0,0.0,0.0,0.0,0.0,0.0,0.0,0.0,0.0,0.0,0.0,0.0,0.0,0.0,0.0,0.94,0.0]
Total cost: 0
assigning lease 2 to address 000008c4
Average Cache Occupancy Per Bin: [0.0,0.0,0.0,0.0,0.0,0.0,0.0,0.0,0.0,0.0,0.0,0.0,0.0,0.0,0.0,0.0,0.0,0.0,0.0,0.0,0.0,0.0,0.0,0.0,0.0,0.0,0.0,0.0,0.0,0.0,0.99,0.0]
Total cost: 0
assigning lease 7 to address 00000834
Average Cache Occupancy Per Bin: [0.03,0.02,0.02,0.03,0.03,0.03,0.03,0.01,0.0,0.0,0.0,0.0,0.0,0.0,0.0,0.0,0.0,0.0,0.0,0.0,0.0,0.0,0.0,0.0,0.0,0.0,0.0,0.0,0.0,0.0,0.99,0.0]
Total cost: 19264.0
assigning lease 14 to address 000008e8
Average Cache Occupancy Per Bin: [0.07,0.04,0.05,0.05,0.06,0.07,0.05,0.02,0.0,0.0,0.0,0.0,0.0,0.0,0.0,0.0,0.0,0.0,0.0,0.0,0.0,0.0,0.0,0.0,0.0,0.0,0.0,0.0,0.0,0.0,0.99,0.0]
Total cost: 37632.0
assigning lease 10 to address 000007d4
Average Cache Occupancy Per Bin: [0.11,0.07,0.08,0.10,0.10,0.10,0.09,0.04,0.0,0.0,0.0,0.0,0.0,0.0,0.0,0.0,0.0,0.0,0.0,0.0,0.0,0.0,0.0,0.0,0.0,0.0,0.0,0.0,0.0,0.0,0.99,0.0]
Total cost: 54272.0
assigning lease 10 to address 00000888
Average Cache Occupancy Per Bin: [0.14,0.10,0.11,0.15,0.14,0.13,0.13,0.06,0.0,0.0,0.0,0.0,0.0,0.0,0.0,0.0,0.0,0.0,0.0,0.0,0.0,0.0,0.0,0.0,0.0,0.0,0.0,0.0,0.0,0.0,0.99,0.0]
Total cost: 68992.0
assigning lease 17 to address 00000804
Average Cache Occupancy Per Bin: [0.15,0.13,0.13,0.16,0.15,0.15,0.14,0.09,0.02,0.01,0.01,0.02,0.00,0.02,0.01,0.01,0.00,0.00,0.02,0.02,0.02,0.01,0.00,0.00,0.01,0.01,0.02,0.01,0.01,0.01,1.01,0.00]
Total cost: 76608.0
assigning lease 17 to address 000008cc
Average Cache Occupancy Per Bin: [0.20,0.18,0.19,0.23,0.21,0.22,0.22,0.11,0.02,0.01,0.01,0.02,0.00,0.02,0.01,0.01,0.00,0.00,0.02,0.02,0.02,0.01,0.00,0.00,0.01,0.01,0.02,0.01,0.01,0.01,1.01,0.00]
Total cost: 98368.0
assigning lease 17 to address 00000818
Average Cache Occupancy Per Bin: [0.24,0.22,0.24,0.31,0.28,0.28,0.29,0.14,0.02,0.01,0.01,0.02,0.00,0.02,0.01,0.01,0.00,0.00,0.02,0.02,0.02,0.01,0.00,0.00,0.01,0.01,0.02,0.01,0.01,0.01,1.01,0.00]
Total cost: 121216.0
assigning lease 1928 to address 00000818
Average Cache Occupancy Per Bin: [0.24,0.68,0.24,0.55,1.21,0.52,1.70,0.90,0.02,0.01,0.01,0.02,0.00,0.02,0.01,0.01,0.00,0.00,0.02,0.02,0.02,0.01,0.00,0.00,0.01,0.01,0.02,0.01,0.01,0.01,1.01,0.00]
Total cost: 121216.0
assigning lease 1928 to address 000008cc
Average Cache Occupancy Per Bin: [0.95,0.92,0.47,1.72,1.45,0.98,1.93,1.65,0.02,0.01,0.01,0.02,0.00,0.02,0.01,0.01,0.00,0.00,0.02,0.02,0.02,0.01,0.00,0.00,0.01,0.01,0.02,0.01,0.01,0.01,1.01,0.00]
Total cost: 462016.0
addr: 000008b8 ri: 2047
bin target: 1943296.0
num_full_bins: 0
printing bin ranks sorted:
	selecting this^ bin
acceptable_ratio: 0.6381289692232536
Assigning 000008b8 dual lease lease 2047 * 0.6381289692232536. Bin saturation: [1.98,1.95,1.33,3.44,2.48,2.36,4.0,3.20,2.08,1.05,1.56,1.56,1.04,0.53,1.04,1.04,0.86,1.20,1.05,1.56,0.36,1.56,1.03,1.55,1.04,1.21,0.71,0.87,1.56,1.21,2.73,0.52]
addr: 00000804 ri: 442298
bin target: 1943296.0
num_full_bins: 1
printing bin ranks sorted:
acceptable_ratio: 0
Final saturation:
	0,1.9834672638651034
	1,1.9550125148201818
	2,1.3389869582400211
	3,3.4420366223159005
	4,2.4836648662890264
	5,2.3645106046634172
	6,4.0
	7,3.207910683704387
	8,2.0873402713739955
	9,1.050388618100382
	10,1.5621459623238045
	11,1.5688644447371887
	12,1.041430641549203
	13,0.5363917797391649
	14,1.0459096298247925
	15,1.0459096298247925
	16,0.8693518640495324
	17,1.2090304307732842
	18,1.0526281122381769
	19,1.5688644447371887
	20,0.36655249637728887
	21,1.566624950599394
	22,1.0369516532736134
	23,1.5554274799104202
	24,1.0481491239625873
	25,1.2179884073244631
	26,0.712949545514425
	27,0.8760703464629166
	28,1.5621459623238045
	29,1.2179884073244631
	30,2.734356474772757
	31,0.5229548149123963
Dump single leases (last one may be dual)
000008b8 7ff percentage 0.6381289692232536
000008b8 0 percentage 0.3618710307767464
000007bc 1
000007f8 2
000007cc 2
000007f0 1
00000810 2
00000804 11
00000838 1
00000834 7
00000848 1
00000840 1
000007d4 a
000007c4 1
00000844 1
00000818 788
00000808 1
000007d8 1
00000828 2
00000820 1
00000860 1
00000858 1
00000888 a
00000880 2
000008f4 1
00000878 1
000008e8 e
000008cc 788
000008f8 1
000008d4 1
000008dc 2
000008ac 2
000008bc 1
000008ec 1
000008c4 2
000008fc 1
000008a4 1
0000088c 1
00000904 1
00000914 1
00000870 1
00000910 1
0000090c 1
Dump dual leases

