sample rate: 0.015625
len(carl_order):
115
Printing carl assignment order:
00000978,1,1.0
000006dc,1,1.0
00000814,1,1.0
00000890,1,1.0
00000734,1,1.0
00000744,1,1.0
0000082c,1,1.0
000008bc,1,1.0
000006f4,1,1.0
000007b0,1,1.0
00000724,1,1.0
000006a0,1,1.0
00000604,1,1.0
000008e0,1,1.0
00000960,1,1.0
0000094c,1,1.0
0000064c,1,1.0
00000948,1,1.0
000008f0,1,1.0
00000628,1,1.0
00000898,1,1.0
0000093c,1,1.0
00000614,1,1.0
00000640,1,1.0
0000090c,1,1.0
00000918,1,1.0
000008c8,1,1.0
000006b4,1,1.0
00000964,1,1.0
000006a8,1,1.0
000008a4,1,1.0
0000095c,1,1.0
0000074c,1,1.0
0000079c,1,1.0
00000944,1,1.0
00000698,1,1.0
0000060c,1,1.0
00000808,1,1.0
00000668,1,1.0
000007e0,1,1.0
0000061c,1,1.0
00000780,1,1.0
000007d4,1,1.0
00000770,1,1.0
000006cc,1,1.0
00000758,1,1.0
0000073c,1,1.0
00000674,1,1.0
0000072c,1,1.0
00000888,1,1.0
00000700,1,1.0
00000954,1,1.0
00000864,1,1.0
00000858,1,1.0
0000096c,1,1.0
00000974,1,1.0
000007f4,2,0.5
00000654,2,0.5
000008f8,2,0.5
000006bc,2,0.5
0000092c,2,0.5
000007a0,2,0.5
000008d0,2,0.5
000007b4,2,0.5
00000714,2,0.5
00000630,2,0.5
00000760,2,0.5
00000788,2,0.5
00000688,2,0.5
000008ac,2,0.5
000006e4,2,0.5
00000844,2,0.5
0000081c,2,0.5
00000664,4,0.23200757575757575
0000063c,8,0.22924528301886793
00000694,6,0.16666666666666666
00000800,8,0.125
000006c8,8,0.125
00000828,8,0.125
000007a8,3,0.1248339973439575
00000938,17,0.12366853072365355
00000720,9,0.1111111111111111
000008b8,12,0.09054344376357999
00000884,13,0.07692307692307693
0000076c,14,0.07142857142857142
000006f0,17,0.055848020141908906
000008dc,20,0.05038981212813975
00000854,35,0.02857142857142857
00000938,38,0.015873015873015872
00000664,53,0.004296455424274973
00000664,93,0.0016666666666666668
000006f0,78,0.0012610340479192938
00000664,353,0.0012195121951219512
00000664,1133,0.0010802469135802468
00000664,2233,0.001
000007bc,3278,0.0007667675313610858
000006f0,458,0.0007142857142857143
000006f0,3498,0.0006428571428571428
00000798,2621,0.0006055969911391598
000008dc,3358,0.0006005346953433622
000007a8,3458,0.000584268659382536
00000798,2801,0.00048254785266205565
00000904,3498,0.0004692771140557898
00000798,2981,0.0003508771929824561
00000904,3518,0.0003401360544217687
00000904,3578,0.0003302699597932223
00000798,3401,0.0003284072249589491
00000904,3598,0.0003056768558951965
000008dc,14732,2.4084198357457672e-05
000008dc,150180,1.6556017284482045e-05
00000798,5755,1.633880138553036e-05
000007bc,91955,1.4564308705087312e-05
00000938,202752,7.1674825650986604e-06
00000798,299043,6.721553980262291e-06
00000904,318157,5.662454340159061e-06
TRACE LENGTH: 19855744.0
assigning lease 1 to address 00000978
Average Cache Occupancy Per Bin: [0.0,0.0,0.0,0.0,0.0,0.0,0.0,0.0,0.0,0.0,0.0,0.0,0.0,0.0,0.0,0.0,0.0,0.0,0.0,0.0,0.0,0.0,0.0,0.0,0.0,0.0,0.0,0.0,0.0,0.0,1.93,0.0]
Total cost: 0
assigning lease 1 to address 000006dc
Average Cache Occupancy Per Bin: [0.0,0.0,0.0,0.0,0.0,0.0,0.0,0.0,0.0,0.0,0.0,0.0,0.0,0.0,0.0,0.0,0.0,0.0,0.0,0.0,0.0,0.0,0.0,0.0,0.0,0.0,0.0,0.0,0.0,0.0,0.00,0.0]
Total cost: 0
assigning lease 1 to address 00000814
Average Cache Occupancy Per Bin: [0.0,0.0,0.0,0.0,0.0,0.0,0.0,0.0,0.0,0.0,0.0,0.0,0.0,0.0,0.0,0.0,0.0,0.0,0.0,0.0,0.0,0.0,0.0,0.0,0.0,0.0,0.0,0.0,0.0,0.0,0.00,0.0]
Total cost: 0
assigning lease 1 to address 00000890
Average Cache Occupancy Per Bin: [0.0,0.0,0.0,0.0,0.0,0.0,0.0,0.0,0.0,0.0,0.0,0.0,0.0,0.0,0.0,0.0,0.0,0.0,0.0,0.0,0.0,0.0,0.0,0.0,0.0,0.0,0.0,0.0,0.0,0.0,0.00,0.0]
Total cost: 0
assigning lease 1 to address 00000734
Average Cache Occupancy Per Bin: [0.0,0.0,0.0,0.0,0.0,0.0,0.0,0.0,0.0,0.0,0.0,0.0,0.0,0.0,0.0,0.0,0.0,0.0,0.0,0.0,0.0,0.0,0.0,0.0,0.0,0.0,0.0,0.0,0.0,0.0,0.00,0.0]
Total cost: 0
assigning lease 1 to address 00000744
Average Cache Occupancy Per Bin: [0.0,0.0,0.0,0.0,0.0,0.0,0.0,0.0,0.0,0.0,0.0,0.0,0.0,0.0,0.0,0.0,0.0,0.0,0.0,0.0,0.0,0.0,0.0,0.0,0.0,0.0,0.0,0.0,0.0,0.0,0.00,0.0]
Total cost: 0
assigning lease 1 to address 0000082c
Average Cache Occupancy Per Bin: [0.0,0.0,0.0,0.0,0.0,0.0,0.0,0.0,0.0,0.0,0.0,0.0,0.0,0.0,0.0,0.0,0.0,0.0,0.0,0.0,0.0,0.0,0.0,0.0,0.0,0.0,0.0,0.0,0.0,0.0,0.00,0.0]
Total cost: 0
assigning lease 1 to address 000008bc
Average Cache Occupancy Per Bin: [0.0,0.0,0.0,0.0,0.0,0.0,0.0,0.0,0.0,0.0,0.0,0.0,0.0,0.0,0.0,0.0,0.0,0.0,0.0,0.0,0.0,0.0,0.0,0.0,0.0,0.0,0.0,0.0,0.0,0.0,0.04,0.0]
Total cost: 0
assigning lease 1 to address 000006f4
Average Cache Occupancy Per Bin: [0.0,0.0,0.0,0.0,0.0,0.0,0.0,0.0,0.0,0.0,0.0,0.0,0.0,0.0,0.0,0.0,0.0,0.0,0.0,0.0,0.0,0.0,0.0,0.0,0.0,0.0,0.0,0.0,0.0,0.0,0.05,0.0]
Total cost: 0
assigning lease 1 to address 000007b0
Average Cache Occupancy Per Bin: [0.0,0.0,0.0,0.0,0.0,0.0,0.0,0.0,0.0,0.0,0.0,0.0,0.0,0.0,0.0,0.0,0.0,0.0,0.0,0.0,0.0,0.0,0.0,0.0,0.0,0.0,0.0,0.0,0.0,0.0,0.05,0.0]
Total cost: 0
assigning lease 1 to address 00000724
Average Cache Occupancy Per Bin: [0.0,0.0,0.0,0.0,0.0,0.0,0.0,0.0,0.0,0.0,0.0,0.0,0.0,0.0,0.0,0.0,0.0,0.0,0.0,0.0,0.0,0.0,0.0,0.0,0.0,0.0,0.0,0.0,0.0,0.0,0.05,0.0]
Total cost: 0
assigning lease 1 to address 000006a0
Average Cache Occupancy Per Bin: [0.0,0.0,0.0,0.0,0.0,0.0,0.0,0.0,0.0,0.0,0.0,0.0,0.0,0.0,0.0,0.0,0.0,0.0,0.0,0.0,0.0,0.0,0.0,0.0,0.0,0.0,0.0,0.0,0.0,0.0,0.05,0.0]
Total cost: 0
assigning lease 1 to address 00000604
Average Cache Occupancy Per Bin: [0.0,0.0,0.0,0.0,0.0,0.0,0.0,0.0,0.0,0.0,0.0,0.0,0.0,0.0,0.0,0.0,0.0,0.0,0.0,0.0,0.0,0.0,0.0,0.0,0.0,0.0,0.0,0.0,0.0,0.0,0.05,0.0]
Total cost: 0
assigning lease 1 to address 000008e0
Average Cache Occupancy Per Bin: [0.0,0.0,0.0,0.0,0.0,0.0,0.0,0.0,0.0,0.0,0.0,0.0,0.0,0.0,0.0,0.0,0.0,0.0,0.0,0.0,0.0,0.0,0.0,0.0,0.0,0.0,0.0,0.0,0.0,0.0,0.10,0.0]
Total cost: 0
assigning lease 1 to address 00000960
Average Cache Occupancy Per Bin: [0.0,0.0,0.0,0.0,0.0,0.0,0.0,0.0,0.0,0.0,0.0,0.0,0.0,0.0,0.0,0.0,0.0,0.0,0.0,0.0,0.0,0.0,0.0,0.0,0.0,0.0,0.0,0.0,0.0,0.0,0.10,0.0]
Total cost: 0
assigning lease 1 to address 0000094c
Average Cache Occupancy Per Bin: [0.0,0.0,0.0,0.0,0.0,0.0,0.0,0.0,0.0,0.0,0.0,0.0,0.0,0.0,0.0,0.0,0.0,0.0,0.0,0.0,0.0,0.0,0.0,0.0,0.0,0.0,0.0,0.0,0.0,0.0,0.15,0.0]
Total cost: 0
assigning lease 1 to address 0000064c
Average Cache Occupancy Per Bin: [0.0,0.0,0.0,0.0,0.0,0.0,0.0,0.0,0.0,0.0,0.0,0.0,0.0,0.0,0.0,0.0,0.0,0.0,0.0,0.0,0.0,0.0,0.0,0.0,0.0,0.0,0.0,0.0,0.0,0.0,0.15,0.0]
Total cost: 0
assigning lease 1 to address 00000948
Average Cache Occupancy Per Bin: [0.0,0.0,0.0,0.0,0.0,0.0,0.0,0.0,0.0,0.0,0.0,0.0,0.0,0.0,0.0,0.0,0.0,0.0,0.0,0.0,0.0,0.0,0.0,0.0,0.0,0.0,0.0,0.0,0.0,0.0,0.19,0.0]
Total cost: 0
assigning lease 1 to address 000008f0
Average Cache Occupancy Per Bin: [0.0,0.0,0.0,0.0,0.0,0.0,0.0,0.0,0.0,0.0,0.0,0.0,0.0,0.0,0.0,0.0,0.0,0.0,0.0,0.0,0.0,0.0,0.0,0.0,0.0,0.0,0.0,0.0,0.0,0.0,0.24,0.0]
Total cost: 0
assigning lease 1 to address 00000628
Average Cache Occupancy Per Bin: [0.0,0.0,0.0,0.0,0.0,0.0,0.0,0.0,0.0,0.0,0.0,0.0,0.0,0.0,0.0,0.0,0.0,0.0,0.0,0.0,0.0,0.0,0.0,0.0,0.0,0.0,0.0,0.0,0.0,0.0,0.24,0.0]
Total cost: 0
assigning lease 1 to address 00000898
Average Cache Occupancy Per Bin: [0.0,0.0,0.0,0.0,0.0,0.0,0.0,0.0,0.0,0.0,0.0,0.0,0.0,0.0,0.0,0.0,0.0,0.0,0.0,0.0,0.0,0.0,0.0,0.0,0.0,0.0,0.0,0.0,0.0,0.0,0.29,0.0]
Total cost: 0
assigning lease 1 to address 0000093c
Average Cache Occupancy Per Bin: [0.0,0.0,0.0,0.0,0.0,0.0,0.0,0.0,0.0,0.0,0.0,0.0,0.0,0.0,0.0,0.0,0.0,0.0,0.0,0.0,0.0,0.0,0.0,0.0,0.0,0.0,0.0,0.0,0.0,0.0,0.34,0.0]
Total cost: 0
assigning lease 1 to address 00000614
Average Cache Occupancy Per Bin: [0.0,0.0,0.0,0.0,0.0,0.0,0.0,0.0,0.0,0.0,0.0,0.0,0.0,0.0,0.0,0.0,0.0,0.0,0.0,0.0,0.0,0.0,0.0,0.0,0.0,0.0,0.0,0.0,0.0,0.0,0.34,0.0]
Total cost: 0
assigning lease 1 to address 00000640
Average Cache Occupancy Per Bin: [0.0,0.0,0.0,0.0,0.0,0.0,0.0,0.0,0.0,0.0,0.0,0.0,0.0,0.0,0.0,0.0,0.0,0.0,0.0,0.0,0.0,0.0,0.0,0.0,0.0,0.0,0.0,0.0,0.0,0.0,0.34,0.0]
Total cost: 0
assigning lease 1 to address 0000090c
Average Cache Occupancy Per Bin: [0.0,0.0,0.0,0.0,0.0,0.0,0.0,0.0,0.0,0.0,0.0,0.0,0.0,0.0,0.0,0.0,0.0,0.0,0.0,0.0,0.0,0.0,0.0,0.0,0.0,0.0,0.0,0.0,0.0,0.0,0.39,0.0]
Total cost: 0
assigning lease 1 to address 00000918
Average Cache Occupancy Per Bin: [0.0,0.0,0.0,0.0,0.0,0.0,0.0,0.0,0.0,0.0,0.0,0.0,0.0,0.0,0.0,0.0,0.0,0.0,0.0,0.0,0.0,0.0,0.0,0.0,0.0,0.0,0.0,0.0,0.0,0.0,0.44,0.0]
Total cost: 0
assigning lease 1 to address 000008c8
Average Cache Occupancy Per Bin: [0.0,0.0,0.0,0.0,0.0,0.0,0.0,0.0,0.0,0.0,0.0,0.0,0.0,0.0,0.0,0.0,0.0,0.0,0.0,0.0,0.0,0.0,0.0,0.0,0.0,0.0,0.0,0.0,0.0,0.0,0.48,0.0]
Total cost: 0
assigning lease 1 to address 000006b4
Average Cache Occupancy Per Bin: [0.0,0.0,0.0,0.0,0.0,0.0,0.0,0.0,0.0,0.0,0.0,0.0,0.0,0.0,0.0,0.0,0.0,0.0,0.0,0.0,0.0,0.0,0.0,0.0,0.0,0.0,0.0,0.0,0.0,0.0,0.48,0.0]
Total cost: 0
assigning lease 1 to address 00000964
Average Cache Occupancy Per Bin: [0.0,0.0,0.0,0.0,0.0,0.0,0.0,0.0,0.0,0.0,0.0,0.0,0.0,0.0,0.0,0.0,0.0,0.0,0.0,0.0,0.0,0.0,0.0,0.0,0.0,0.0,0.0,0.0,0.0,0.0,0.49,0.0]
Total cost: 0
assigning lease 1 to address 000006a8
Average Cache Occupancy Per Bin: [0.0,0.0,0.0,0.0,0.0,0.0,0.0,0.0,0.0,0.0,0.0,0.0,0.0,0.0,0.0,0.0,0.0,0.0,0.0,0.0,0.0,0.0,0.0,0.0,0.0,0.0,0.0,0.0,0.0,0.0,0.49,0.0]
Total cost: 0
assigning lease 1 to address 000008a4
Average Cache Occupancy Per Bin: [0.0,0.0,0.0,0.0,0.0,0.0,0.0,0.0,0.0,0.0,0.0,0.0,0.0,0.0,0.0,0.0,0.0,0.0,0.0,0.0,0.0,0.0,0.0,0.0,0.0,0.0,0.0,0.0,0.0,0.0,0.53,0.0]
Total cost: 0
assigning lease 1 to address 0000095c
Average Cache Occupancy Per Bin: [0.0,0.0,0.0,0.0,0.0,0.0,0.0,0.0,0.0,0.0,0.0,0.0,0.0,0.0,0.0,0.0,0.0,0.0,0.0,0.0,0.0,0.0,0.0,0.0,0.0,0.0,0.0,0.0,0.0,0.0,0.54,0.0]
Total cost: 0
assigning lease 1 to address 0000074c
Average Cache Occupancy Per Bin: [0.0,0.0,0.0,0.0,0.0,0.0,0.0,0.0,0.0,0.0,0.0,0.0,0.0,0.0,0.0,0.0,0.0,0.0,0.0,0.0,0.0,0.0,0.0,0.0,0.0,0.0,0.0,0.0,0.0,0.0,0.54,0.0]
Total cost: 0
assigning lease 1 to address 0000079c
Average Cache Occupancy Per Bin: [0.0,0.0,0.0,0.0,0.0,0.0,0.0,0.0,0.0,0.0,0.0,0.0,0.0,0.0,0.0,0.0,0.0,0.0,0.0,0.0,0.0,0.0,0.0,0.0,0.0,0.0,0.0,0.0,0.0,0.0,0.54,0.0]
Total cost: 0
assigning lease 1 to address 00000944
Average Cache Occupancy Per Bin: [0.0,0.0,0.0,0.0,0.0,0.0,0.0,0.0,0.0,0.0,0.0,0.0,0.0,0.0,0.0,0.0,0.0,0.0,0.0,0.0,0.0,0.0,0.0,0.0,0.0,0.0,0.0,0.0,0.0,0.0,0.58,0.0]
Total cost: 0
assigning lease 1 to address 00000698
Average Cache Occupancy Per Bin: [0.0,0.0,0.0,0.0,0.0,0.0,0.0,0.0,0.0,0.0,0.0,0.0,0.0,0.0,0.0,0.0,0.0,0.0,0.0,0.0,0.0,0.0,0.0,0.0,0.0,0.0,0.0,0.0,0.0,0.0,0.59,0.0]
Total cost: 0
assigning lease 1 to address 0000060c
Average Cache Occupancy Per Bin: [0.0,0.0,0.0,0.0,0.0,0.0,0.0,0.0,0.0,0.0,0.0,0.0,0.0,0.0,0.0,0.0,0.0,0.0,0.0,0.0,0.0,0.0,0.0,0.0,0.0,0.0,0.0,0.0,0.0,0.0,0.59,0.0]
Total cost: 0
assigning lease 1 to address 00000808
Average Cache Occupancy Per Bin: [0.0,0.0,0.0,0.0,0.0,0.0,0.0,0.0,0.0,0.0,0.0,0.0,0.0,0.0,0.0,0.0,0.0,0.0,0.0,0.0,0.0,0.0,0.0,0.0,0.0,0.0,0.0,0.0,0.0,0.0,0.59,0.0]
Total cost: 0
assigning lease 1 to address 00000668
Average Cache Occupancy Per Bin: [0.0,0.0,0.0,0.0,0.0,0.0,0.0,0.0,0.0,0.0,0.0,0.0,0.0,0.0,0.0,0.0,0.0,0.0,0.0,0.0,0.0,0.0,0.0,0.0,0.0,0.0,0.0,0.0,0.0,0.0,0.59,0.0]
Total cost: 0
assigning lease 1 to address 000007e0
Average Cache Occupancy Per Bin: [0.0,0.0,0.0,0.0,0.0,0.0,0.0,0.0,0.0,0.0,0.0,0.0,0.0,0.0,0.0,0.0,0.0,0.0,0.0,0.0,0.0,0.0,0.0,0.0,0.0,0.0,0.0,0.0,0.0,0.0,0.59,0.0]
Total cost: 0
assigning lease 1 to address 0000061c
Average Cache Occupancy Per Bin: [0.0,0.0,0.0,0.0,0.0,0.0,0.0,0.0,0.0,0.0,0.0,0.0,0.0,0.0,0.0,0.0,0.0,0.0,0.0,0.0,0.0,0.0,0.0,0.0,0.0,0.0,0.0,0.0,0.0,0.0,0.59,0.0]
Total cost: 0
assigning lease 1 to address 00000780
Average Cache Occupancy Per Bin: [0.0,0.0,0.0,0.0,0.0,0.0,0.0,0.0,0.0,0.0,0.0,0.0,0.0,0.0,0.0,0.0,0.0,0.0,0.0,0.0,0.0,0.0,0.0,0.0,0.0,0.0,0.0,0.0,0.0,0.0,0.59,0.0]
Total cost: 0
assigning lease 1 to address 000007d4
Average Cache Occupancy Per Bin: [0.0,0.0,0.0,0.0,0.0,0.0,0.0,0.0,0.0,0.0,0.0,0.0,0.0,0.0,0.0,0.0,0.0,0.0,0.0,0.0,0.0,0.0,0.0,0.0,0.0,0.0,0.0,0.0,0.0,0.0,0.59,0.0]
Total cost: 0
assigning lease 1 to address 00000770
Average Cache Occupancy Per Bin: [0.0,0.0,0.0,0.0,0.0,0.0,0.0,0.0,0.0,0.0,0.0,0.0,0.0,0.0,0.0,0.0,0.0,0.0,0.0,0.0,0.0,0.0,0.0,0.0,0.0,0.0,0.0,0.0,0.0,0.0,0.59,0.0]
Total cost: 0
assigning lease 1 to address 000006cc
Average Cache Occupancy Per Bin: [0.0,0.0,0.0,0.0,0.0,0.0,0.0,0.0,0.0,0.0,0.0,0.0,0.0,0.0,0.0,0.0,0.0,0.0,0.0,0.0,0.0,0.0,0.0,0.0,0.0,0.0,0.0,0.0,0.0,0.0,0.59,0.0]
Total cost: 0
assigning lease 1 to address 00000758
Average Cache Occupancy Per Bin: [0.0,0.0,0.0,0.0,0.0,0.0,0.0,0.0,0.0,0.0,0.0,0.0,0.0,0.0,0.0,0.0,0.0,0.0,0.0,0.0,0.0,0.0,0.0,0.0,0.0,0.0,0.0,0.0,0.0,0.0,0.59,0.0]
Total cost: 0
assigning lease 1 to address 0000073c
Average Cache Occupancy Per Bin: [0.0,0.0,0.0,0.0,0.0,0.0,0.0,0.0,0.0,0.0,0.0,0.0,0.0,0.0,0.0,0.0,0.0,0.0,0.0,0.0,0.0,0.0,0.0,0.0,0.0,0.0,0.0,0.0,0.0,0.0,0.59,0.0]
Total cost: 0
assigning lease 1 to address 00000674
Average Cache Occupancy Per Bin: [0.0,0.0,0.0,0.0,0.0,0.0,0.0,0.0,0.0,0.0,0.0,0.0,0.0,0.0,0.0,0.0,0.0,0.0,0.0,0.0,0.0,0.0,0.0,0.0,0.0,0.0,0.0,0.0,0.0,0.0,0.59,0.0]
Total cost: 0
assigning lease 1 to address 0000072c
Average Cache Occupancy Per Bin: [0.0,0.0,0.0,0.0,0.0,0.0,0.0,0.0,0.0,0.0,0.0,0.0,0.0,0.0,0.0,0.0,0.0,0.0,0.0,0.0,0.0,0.0,0.0,0.0,0.0,0.0,0.0,0.0,0.0,0.0,0.59,0.0]
Total cost: 0
assigning lease 1 to address 00000888
Average Cache Occupancy Per Bin: [0.0,0.0,0.0,0.0,0.0,0.0,0.0,0.0,0.0,0.0,0.0,0.0,0.0,0.0,0.0,0.0,0.0,0.0,0.0,0.0,0.0,0.0,0.0,0.0,0.0,0.0,0.0,0.0,0.0,0.0,0.60,0.0]
Total cost: 0
assigning lease 1 to address 00000700
Average Cache Occupancy Per Bin: [0.0,0.0,0.0,0.0,0.0,0.0,0.0,0.0,0.0,0.0,0.0,0.0,0.0,0.0,0.0,0.0,0.0,0.0,0.0,0.0,0.0,0.0,0.0,0.0,0.0,0.0,0.0,0.0,0.0,0.0,0.60,0.0]
Total cost: 0
assigning lease 1 to address 00000954
Average Cache Occupancy Per Bin: [0.0,0.0,0.0,0.0,0.0,0.0,0.0,0.0,0.0,0.0,0.0,0.0,0.0,0.0,0.0,0.0,0.0,0.0,0.0,0.0,0.0,0.0,0.0,0.0,0.0,0.0,0.0,0.0,0.0,0.0,0.60,0.0]
Total cost: 0
assigning lease 1 to address 00000864
Average Cache Occupancy Per Bin: [0.0,0.0,0.0,0.0,0.0,0.0,0.0,0.0,0.0,0.0,0.0,0.0,0.0,0.0,0.0,0.0,0.0,0.0,0.0,0.0,0.0,0.0,0.0,0.0,0.0,0.0,0.0,0.0,0.0,0.0,0.60,0.0]
Total cost: 0
assigning lease 1 to address 00000858
Average Cache Occupancy Per Bin: [0.0,0.0,0.0,0.0,0.0,0.0,0.0,0.0,0.0,0.0,0.0,0.0,0.0,0.0,0.0,0.0,0.0,0.0,0.0,0.0,0.0,0.0,0.0,0.0,0.0,0.0,0.0,0.0,0.0,0.0,0.60,0.0]
Total cost: 0
assigning lease 1 to address 0000096c
Average Cache Occupancy Per Bin: [0.0,0.0,0.0,0.0,0.0,0.0,0.0,0.0,0.0,0.0,0.0,0.0,0.0,0.0,0.0,0.0,0.0,0.0,0.0,0.0,0.0,0.0,0.0,0.0,0.0,0.0,0.0,0.0,0.0,0.0,0.60,0.0]
Total cost: 0
assigning lease 1 to address 00000974
Average Cache Occupancy Per Bin: [0.0,0.0,0.0,0.0,0.0,0.0,0.0,0.0,0.0,0.0,0.0,0.0,0.0,0.0,0.0,0.0,0.0,0.0,0.0,0.0,0.0,0.0,0.0,0.0,0.0,0.0,0.0,0.0,0.0,0.0,0.60,0.0]
Total cost: 0
assigning lease 2 to address 000007f4
Average Cache Occupancy Per Bin: [0.0,0.0,0.0,0.0,0.0,0.0,0.0,0.0,0.0,0.0,0.0,0.0,0.0,0.0,0.0,0.0,0.0,0.0,0.0,0.0,0.0,0.0,0.0,0.0,0.0,0.0,0.0,0.0,0.0,0.0,0.60,0.0]
Total cost: 0
assigning lease 2 to address 00000654
Average Cache Occupancy Per Bin: [0.0,0.0,0.0,0.0,0.0,0.0,0.0,0.0,0.0,0.0,0.0,0.0,0.0,0.0,0.0,0.0,0.0,0.0,0.0,0.0,0.0,0.0,0.0,0.0,0.0,0.0,0.0,0.0,0.0,0.0,0.60,0.0]
Total cost: 0
assigning lease 2 to address 000008f8
Average Cache Occupancy Per Bin: [0.0,0.0,0.0,0.0,0.0,0.0,0.0,0.0,0.0,0.0,0.0,0.0,0.0,0.0,0.0,0.0,0.0,0.0,0.0,0.0,0.0,0.0,0.0,0.0,0.0,0.0,0.0,0.0,0.0,0.0,0.70,0.0]
Total cost: 0
assigning lease 2 to address 000006bc
Average Cache Occupancy Per Bin: [0.0,0.0,0.0,0.0,0.0,0.0,0.0,0.0,0.0,0.0,0.0,0.0,0.0,0.0,0.0,0.0,0.0,0.0,0.0,0.0,0.0,0.0,0.0,0.0,0.0,0.0,0.0,0.0,0.0,0.0,0.70,0.0]
Total cost: 0
assigning lease 2 to address 0000092c
Average Cache Occupancy Per Bin: [0.0,0.0,0.0,0.0,0.0,0.0,0.0,0.0,0.0,0.0,0.0,0.0,0.0,0.0,0.0,0.0,0.0,0.0,0.0,0.0,0.0,0.0,0.0,0.0,0.0,0.0,0.0,0.0,0.0,0.0,0.80,0.0]
Total cost: 0
assigning lease 2 to address 000007a0
Average Cache Occupancy Per Bin: [0.0,0.0,0.0,0.0,0.0,0.0,0.0,0.0,0.0,0.0,0.0,0.0,0.0,0.0,0.0,0.0,0.0,0.0,0.0,0.0,0.0,0.0,0.0,0.0,0.0,0.0,0.0,0.0,0.0,0.0,0.80,0.0]
Total cost: 0
assigning lease 2 to address 000008d0
Average Cache Occupancy Per Bin: [0.0,0.0,0.0,0.0,0.0,0.0,0.0,0.0,0.0,0.0,0.0,0.0,0.0,0.0,0.0,0.0,0.0,0.0,0.0,0.0,0.0,0.0,0.0,0.0,0.0,0.0,0.0,0.0,0.0,0.0,0.89,0.0]
Total cost: 0
assigning lease 2 to address 000007b4
Average Cache Occupancy Per Bin: [0.0,0.0,0.0,0.0,0.0,0.0,0.0,0.0,0.0,0.0,0.0,0.0,0.0,0.0,0.0,0.0,0.0,0.0,0.0,0.0,0.0,0.0,0.0,0.0,0.0,0.0,0.0,0.0,0.0,0.0,0.89,0.0]
Total cost: 0
assigning lease 2 to address 00000714
Average Cache Occupancy Per Bin: [0.0,0.0,0.0,0.0,0.0,0.0,0.0,0.0,0.0,0.0,0.0,0.0,0.0,0.0,0.0,0.0,0.0,0.0,0.0,0.0,0.0,0.0,0.0,0.0,0.0,0.0,0.0,0.0,0.0,0.0,0.89,0.0]
Total cost: 0
assigning lease 2 to address 00000630
Average Cache Occupancy Per Bin: [0.0,0.0,0.0,0.0,0.0,0.0,0.0,0.0,0.0,0.0,0.0,0.0,0.0,0.0,0.0,0.0,0.0,0.0,0.0,0.0,0.0,0.0,0.0,0.0,0.0,0.0,0.0,0.0,0.0,0.0,0.90,0.0]
Total cost: 0
assigning lease 2 to address 00000760
Average Cache Occupancy Per Bin: [0.0,0.0,0.0,0.0,0.0,0.0,0.0,0.0,0.0,0.0,0.0,0.0,0.0,0.0,0.0,0.0,0.0,0.0,0.0,0.0,0.0,0.0,0.0,0.0,0.0,0.0,0.0,0.0,0.0,0.0,0.90,0.0]
Total cost: 0
assigning lease 2 to address 00000788
Average Cache Occupancy Per Bin: [0.0,0.0,0.0,0.0,0.0,0.0,0.0,0.0,0.0,0.0,0.0,0.0,0.0,0.0,0.0,0.0,0.0,0.0,0.0,0.0,0.0,0.0,0.0,0.0,0.0,0.0,0.0,0.0,0.0,0.0,0.90,0.0]
Total cost: 0
assigning lease 2 to address 00000688
Average Cache Occupancy Per Bin: [0.0,0.0,0.0,0.0,0.0,0.0,0.0,0.0,0.0,0.0,0.0,0.0,0.0,0.0,0.0,0.0,0.0,0.0,0.0,0.0,0.0,0.0,0.0,0.0,0.0,0.0,0.0,0.0,0.0,0.0,0.90,0.0]
Total cost: 0
assigning lease 2 to address 000008ac
Average Cache Occupancy Per Bin: [0.0,0.0,0.0,0.0,0.0,0.0,0.0,0.0,0.0,0.0,0.0,0.0,0.0,0.0,0.0,0.0,0.0,0.0,0.0,0.0,0.0,0.0,0.0,0.0,0.0,0.0,0.0,0.0,0.0,0.0,0.99,0.0]
Total cost: 0
assigning lease 2 to address 000006e4
Average Cache Occupancy Per Bin: [0.0,0.0,0.0,0.0,0.0,0.0,0.0,0.0,0.0,0.0,0.0,0.0,0.0,0.0,0.0,0.0,0.0,0.0,0.0,0.0,0.0,0.0,0.0,0.0,0.0,0.0,0.0,0.0,0.0,0.0,0.99,0.0]
Total cost: 0
assigning lease 2 to address 00000844
Average Cache Occupancy Per Bin: [0.0,0.0,0.0,0.0,0.0,0.0,0.0,0.0,0.0,0.0,0.0,0.0,0.0,0.0,0.0,0.0,0.0,0.0,0.0,0.0,0.0,0.0,0.0,0.0,0.0,0.0,0.0,0.0,0.0,0.0,0.99,0.0]
Total cost: 0
assigning lease 2 to address 0000081c
Average Cache Occupancy Per Bin: [0.0,0.0,0.0,0.0,0.0,0.0,0.0,0.0,0.0,0.0,0.0,0.0,0.0,0.0,0.0,0.0,0.0,0.0,0.0,0.0,0.0,0.0,0.0,0.0,0.0,0.0,0.0,0.0,0.0,0.0,0.99,0.0]
Total cost: 0
assigning lease 4 to address 00000664
Average Cache Occupancy Per Bin: [0.00,0.00,0.00,0.00,6.44,5.15,0.00,0.00,0.00,0.00,0.00,9.02,6.44,6.44,0.00,5.15,9.02,0.00,0.00,0.00,0.00,0.00,6.44,9.02,0.00,5.15,7.73,7.73,0.00,7.73,0.99,9.02]
Total cost: 2048.0
assigning lease 8 to address 0000063c
Average Cache Occupancy Per Bin: [0.00,0.00,0.00,0.00,0.00,0.00,0.00,0.00,0.00,0.00,0.00,0.00,0.00,0.00,0.00,0.00,0.00,0.00,0.00,0.00,0.00,0.00,0.00,0.00,0.00,0.00,0.00,0.00,0.00,0.00,1.00,0.00]
Total cost: 3328.0
assigning lease 6 to address 00000694
Average Cache Occupancy Per Bin: [0.00,0.00,0.00,0.00,0.00,0.00,0.00,0.00,0.00,0.00,0.00,0.00,0.00,0.00,0.00,0.00,0.00,0.00,0.00,0.00,0.00,0.00,0.00,0.00,0.00,0.00,0.00,0.00,0.00,0.00,1.00,0.00]
Total cost: 7168.0
assigning lease 8 to address 00000800
Average Cache Occupancy Per Bin: [0.00,0.00,0.00,0.00,0.00,0.00,0.00,0.00,0.00,0.00,0.00,0.00,0.00,0.00,0.00,0.00,0.00,0.00,0.00,0.00,0.00,0.00,0.00,0.00,0.00,0.00,0.00,0.00,0.00,0.00,1.00,0.00]
Total cost: 13312.0
assigning lease 8 to address 000006c8
Average Cache Occupancy Per Bin: [0.00,0.00,0.00,0.00,0.00,0.00,0.00,0.00,0.00,0.00,0.00,0.00,0.00,0.00,0.00,0.00,0.00,0.00,0.00,0.00,0.00,0.00,0.00,0.00,0.00,0.00,0.00,0.00,0.00,0.00,1.00,0.00]
Total cost: 17408.0
assigning lease 8 to address 00000828
Average Cache Occupancy Per Bin: [0.00,0.00,0.00,0.00,0.00,0.00,0.00,0.00,0.00,0.00,0.00,0.00,0.00,0.00,0.00,0.00,0.00,0.00,0.00,0.00,0.00,0.00,0.00,0.00,0.00,0.00,0.00,0.00,0.00,0.00,1.00,0.00]
Total cost: 17920.0
assigning lease 3 to address 000007a8
Average Cache Occupancy Per Bin: [0.00,0.00,0.00,0.00,0.00,0.00,0.00,0.00,0.00,0.00,0.00,0.00,0.00,0.00,0.00,0.00,0.00,0.00,0.00,0.00,0.00,0.00,0.00,0.00,0.00,0.00,0.00,0.00,0.00,0.00,1.00,0.00]
Total cost: 45568.0
assigning lease 17 to address 00000938
Average Cache Occupancy Per Bin: [0.01,0.01,0.01,0.01,0.01,0.01,0.01,0.01,0.01,0.01,0.01,0.01,0.01,0.01,0.01,0.01,0.01,0.01,0.01,0.01,0.01,0.01,0.01,0.01,0.01,0.01,0.01,0.01,0.01,0.01,1.01,0.01]
Total cost: 304064.0
assigning lease 9 to address 00000720
Average Cache Occupancy Per Bin: [0.01,0.01,0.01,0.01,0.01,0.01,0.01,0.01,0.01,0.01,0.01,0.01,0.01,0.01,0.01,0.01,0.01,0.01,0.01,0.01,0.01,0.01,0.01,0.01,0.01,0.01,0.01,0.01,0.01,0.01,1.01,0.01]
Total cost: 308672.0
assigning lease 12 to address 000008b8
Average Cache Occupancy Per Bin: [0.03,0.03,0.02,0.02,0.02,0.02,0.02,0.03,0.03,0.03,0.03,0.03,0.02,0.02,0.02,0.02,0.03,0.02,0.02,0.03,0.03,0.03,0.02,0.02,0.02,0.02,0.02,0.02,0.02,0.02,1.03,0.02]
Total cost: 661952.0
assigning lease 13 to address 00000884
Average Cache Occupancy Per Bin: [0.03,0.03,0.02,0.02,0.02,0.02,0.02,0.03,0.03,0.03,0.03,0.03,0.02,0.02,0.02,0.02,0.03,0.02,0.02,0.03,0.03,0.03,0.02,0.02,0.02,0.02,0.02,0.02,0.02,0.02,1.03,0.02]
Total cost: 661952.0
assigning lease 14 to address 0000076c
Average Cache Occupancy Per Bin: [0.03,0.03,0.02,0.02,0.03,0.02,0.02,0.03,0.03,0.03,0.03,0.03,0.02,0.02,0.02,0.02,0.03,0.02,0.03,0.03,0.03,0.03,0.02,0.02,0.02,0.02,0.02,0.02,0.02,0.02,1.03,0.02]
Total cost: 673600.0
assigning lease 17 to address 000006f0
Average Cache Occupancy Per Bin: [0.03,0.03,0.02,0.02,0.03,0.02,0.02,0.03,0.03,0.03,0.03,0.03,0.02,0.02,0.03,0.02,0.03,0.02,0.03,0.03,0.03,0.03,0.02,0.02,0.02,0.02,0.02,0.02,0.02,0.02,1.03,0.02]
Total cost: 680128.0
assigning lease 20 to address 000008dc
Average Cache Occupancy Per Bin: [0.06,0.06,0.06,0.05,0.05,0.05,0.05,0.05,0.06,0.05,0.05,0.05,0.05,0.05,0.06,0.05,0.06,0.05,0.06,0.06,0.05,0.05,0.05,0.05,0.05,0.05,0.05,0.05,0.05,0.05,1.05,0.05]
Total cost: 1302208.0
assigning lease 35 to address 00000854
Average Cache Occupancy Per Bin: [0.06,0.06,0.06,0.05,0.05,0.05,0.05,0.05,0.06,0.05,0.05,0.05,0.05,0.05,0.06,0.05,0.06,0.05,0.06,0.06,0.05,0.05,0.05,0.05,0.05,0.05,0.05,0.05,0.05,0.05,1.05,0.05]
Total cost: 1302208.0
assigning lease 38 to address 00000938
Average Cache Occupancy Per Bin: [0.06,0.06,0.06,0.05,0.05,0.05,0.05,0.05,0.06,0.05,0.05,0.05,0.05,0.05,0.06,0.05,0.06,0.05,0.06,0.06,0.05,0.05,0.05,0.05,0.05,0.05,0.05,0.05,0.05,0.05,1.05,0.05]
Total cost: 1303552.0
assigning lease 53 to address 00000664
Average Cache Occupancy Per Bin: [0.06,0.06,0.06,0.05,0.05,0.05,0.05,0.05,0.06,0.05,0.05,0.05,0.05,0.05,0.06,0.05,0.06,0.05,0.06,0.06,0.05,0.05,0.05,0.05,0.05,0.05,0.05,0.05,0.05,0.05,1.05,0.05]
Total cost: 1303552.0
assigning lease 93 to address 00000664
Average Cache Occupancy Per Bin: [0.06,0.06,0.06,0.05,0.05,0.05,0.05,0.05,0.06,0.05,0.05,0.05,0.05,0.05,0.06,0.05,0.06,0.05,0.06,0.06,0.05,0.05,0.05,0.05,0.05,0.05,0.05,0.05,0.05,0.05,1.05,0.05]
Total cost: 1303552.0
assigning lease 78 to address 000006f0
Average Cache Occupancy Per Bin: [0.06,0.06,0.06,0.05,0.05,0.05,0.05,0.05,0.06,0.05,0.05,0.05,0.05,0.05,0.06,0.05,0.06,0.05,0.06,0.06,0.05,0.05,0.05,0.05,0.05,0.05,0.05,0.05,0.05,0.05,1.05,0.05]
Total cost: 1303552.0
assigning lease 353 to address 00000664
Average Cache Occupancy Per Bin: [0.06,0.06,0.06,0.05,0.05,0.05,0.05,0.05,0.06,0.06,0.05,0.05,0.05,0.05,0.06,0.05,0.06,0.05,0.06,0.06,0.05,0.05,0.05,0.05,0.05,0.05,0.05,0.05,0.05,0.05,1.05,0.05]
Total cost: 1303552.0
assigning lease 1133 to address 00000664
Average Cache Occupancy Per Bin: [0.06,0.06,0.06,0.06,0.05,0.05,0.06,0.06,0.06,0.06,0.05,0.06,0.05,0.05,0.06,0.05,0.06,0.05,0.06,0.06,0.05,0.05,0.05,0.05,0.05,0.05,0.05,0.06,0.06,0.05,1.05,0.05]
Total cost: 1303552.0
assigning lease 2233 to address 00000664
Average Cache Occupancy Per Bin: [0.06,0.06,0.06,0.06,0.05,0.05,0.06,0.06,0.06,0.06,0.05,0.06,0.05,0.05,0.06,0.05,0.06,0.05,0.06,0.06,0.05,0.05,0.05,0.05,0.06,0.05,0.05,0.06,0.06,0.05,1.05,0.05]
Total cost: 1303552.0
assigning lease 3278 to address 000007bc
Average Cache Occupancy Per Bin: [0.11,0.43,0.74,0.06,0.05,0.05,0.06,0.06,0.06,0.06,0.05,0.06,0.05,0.05,0.06,0.05,0.06,0.05,0.06,0.06,0.05,0.05,0.05,0.05,0.06,0.05,0.05,0.06,0.06,0.05,1.05,0.05]
Total cost: 2248832.0
assigning lease 458 to address 000006f0
Average Cache Occupancy Per Bin: [0.11,0.43,0.74,0.06,0.05,0.05,0.06,0.06,0.06,0.06,0.05,0.06,0.05,0.05,0.06,0.05,0.06,0.05,0.06,0.06,0.05,0.05,0.05,0.05,0.06,0.05,0.05,0.06,0.06,0.05,1.05,0.05]
Total cost: 2248832.0
assigning lease 3498 to address 000006f0
Average Cache Occupancy Per Bin: [0.11,0.43,0.74,0.06,0.05,0.05,0.06,0.06,0.06,0.06,0.05,0.06,0.05,0.05,0.06,0.06,0.06,0.05,0.06,0.07,0.05,0.05,0.05,0.05,0.07,0.06,0.06,0.06,0.06,0.06,1.05,0.05]
Total cost: 2248832.0
assigning lease 2621 to address 00000798
Average Cache Occupancy Per Bin: [0.16,0.51,0.75,0.08,0.10,0.09,0.12,0.08,0.10,0.12,0.07,0.08,0.09,0.11,0.08,0.08,0.09,0.07,0.10,0.11,0.09,0.09,0.09,0.07,0.11,0.06,0.08,0.09,0.08,0.09,1.08,0.08]
Total cost: 3319488.0
assigning lease 3358 to address 000008dc
Average Cache Occupancy Per Bin: [0.34,0.67,0.98,0.22,0.28,0.30,0.26,0.18,0.27,0.28,0.22,0.26,0.25,0.28,0.22,0.20,0.23,0.21,0.25,0.27,0.24,0.28,0.26,0.21,0.27,0.16,0.22,0.24,0.17,0.22,1.18,0.21]
Total cost: 6944576.0
assigning lease 3458 to address 000007a8
Average Cache Occupancy Per Bin: [1.02,0.86,0.98,0.22,0.28,0.30,0.26,0.18,0.27,0.28,0.22,0.26,0.25,0.28,0.22,0.20,0.23,0.21,0.25,0.27,0.24,0.28,0.26,0.21,0.27,0.16,0.22,0.24,0.17,0.22,1.18,0.21]
Total cost: 20329728.0
assigning lease 2801 to address 00000798
Average Cache Occupancy Per Bin: [1.02,0.86,0.98,0.22,0.28,0.30,0.27,0.18,0.27,0.28,0.22,0.26,0.25,0.28,0.22,0.20,0.23,0.21,0.25,0.27,0.24,0.28,0.26,0.22,0.27,0.16,0.22,0.24,0.17,0.23,1.18,0.21]
Total cost: 20352768.0
addr: 00000904 ri: 3498
bin target: 79422976.0
num_full_bins: 0
printing bin ranks sorted:
	selecting this^ bin
acceptable_ratio: 0.950108700861329
Assigning 00000904 dual lease lease 3498 * 0.950108700861329. Bin saturation: [3.69,3.55,3.46,3.01,3.11,2.96,3.06,3.13,2.75,3.24,3.05,2.89,3.06,3.12,2.79,3.09,3.12,2.61,2.91,3.05,2.88,2.84,3.08,2.85,3.37,3.01,2.87,2.93,2.92,3.16,4.0,3.11]
assigning lease 2981 to address 00000798
Average Cache Occupancy Per Bin: [3.69,3.55,3.46,3.01,3.12,2.96,3.07,3.13,2.75,3.24,3.05,2.89,3.06,3.12,2.79,3.09,3.12,2.61,2.91,3.05,2.88,2.84,3.08,2.85,3.37,3.01,2.87,2.93,2.92,3.16,4.0,3.11]
Total cost: 73451281.90490961
addr: 00000904 ri: 3518
bin target: 79422976.0
num_full_bins: 1
printing bin ranks sorted:
acceptable_ratio: 0
addr: 00000904 ri: 3578
bin target: 79422976.0
num_full_bins: 1
printing bin ranks sorted:
acceptable_ratio: 0
assigning lease 3401 to address 00000798
Average Cache Occupancy Per Bin: [3.70,3.55,3.46,3.01,3.12,2.96,3.07,3.13,2.75,3.24,3.05,2.89,3.06,3.12,2.79,3.09,3.12,2.61,2.91,3.05,2.88,2.85,3.09,2.85,3.37,3.01,2.87,2.93,2.92,3.16,4.0,3.11]
Total cost: 73498641.90490961
addr: 00000904 ri: 3598
bin target: 79422976.0
num_full_bins: 1
printing bin ranks sorted:
acceptable_ratio: 0
addr: 000008dc ri: 14732
bin target: 79422976.0
num_full_bins: 1
printing bin ranks sorted:
acceptable_ratio: 0
addr: 000008dc ri: 150180
bin target: 79422976.0
num_full_bins: 1
printing bin ranks sorted:
acceptable_ratio: 0
assigning lease 5755 to address 00000798
Average Cache Occupancy Per Bin: [3.70,3.58,3.46,3.02,3.15,2.96,3.10,3.13,2.76,3.25,3.05,2.89,3.07,3.13,2.79,3.09,3.12,2.61,2.91,3.05,2.89,2.86,3.10,2.86,3.38,3.01,2.88,2.93,2.93,3.17,4.0,3.11]
Total cost: 73649297.90490961
assigning lease 91955 to address 000007bc
Average Cache Occupancy Per Bin: [3.70,3.58,3.91,3.02,3.15,2.96,3.10,3.13,2.76,3.25,3.05,2.89,3.07,3.13,2.79,3.09,3.12,2.61,2.91,3.05,2.89,2.86,3.10,2.86,3.38,3.01,2.88,2.93,2.93,3.17,4.0,3.11]
Total cost: 73649297.90490961
addr: 00000938 ri: 202752
bin target: 79422976.0
num_full_bins: 1
printing bin ranks sorted:
acceptable_ratio: 0
addr: 00000798 ri: 299043
bin target: 79422976.0
num_full_bins: 1
printing bin ranks sorted:
acceptable_ratio: 0
addr: 00000904 ri: 318157
bin target: 79422976.0
num_full_bins: 1
printing bin ranks sorted:
acceptable_ratio: 0
Final saturation:
	0,3.7092187482327335
	1,3.5814390158653837
	2,3.9103252793335153
	3,3.020588657533922
	4,3.1502568320918947
	5,2.9628971881849226
	6,3.107229522418594
	7,3.1322741887135734
	8,2.766308550951166
	9,3.2562888861606933
	10,3.0585669094477623
	11,2.895463098178084
	12,3.075884047401685
	13,3.1348628277939135
	14,2.7926462192164285
	15,3.0930216740864354
	16,3.1235086369263962
	17,2.618862518220603
	18,2.9137517081980304
	19,3.0585796556942375
	20,2.8914590634900947
	21,2.867301468247648
	22,3.1058384202805063
	23,2.8628084239763965
	24,3.387150034931976
	25,3.0159673749006064
	26,2.8872291933233747
	27,2.9364003502002998
	28,2.9341985791625116
	29,3.1756493304264426
	30,4.0
	31,3.1184532076024576
Dump single leases (last one may be dual)
00000904 daa percentage 0.950108700861329
00000904 0 percentage 0.049891299138670964
00000978 1
000006dc 1
00000814 1
00000890 1
00000734 1
00000744 1
000007f4 2
0000082c 1
00000654 2
000008bc 1
000008f8 2
00000664 8b9
000006f4 1
000007b0 1
000006bc 2
00000724 1
000006a0 1
00000604 1
000008e0 1
00000800 8
000007a8 d82
0000092c 2
000007a0 2
000008b8 c
00000960 1
0000094c 1
0000064c 1
00000948 1
000008d0 2
00000694 6
000008f0 1
00000938 26
00000628 1
00000798 167b
00000898 1
0000093c 1
000007b4 2
000008dc d1e
0000063c 8
00000714 2
00000614 1
00000630 2
00000640 1
0000090c 1
00000918 1
000008c8 1
000006b4 1
00000964 1
000006a8 1
000008a4 1
000007bc 16733
00000760 2
0000095c 1
0000074c 1
00000788 2
0000079c 1
00000944 1
00000698 1
0000076c e
0000060c 1
00000808 1
00000668 1
000007e0 1
0000061c 1
00000688 2
000008ac 2
000006f0 daa
00000780 1
000007d4 1
00000720 9
00000770 1
000006cc 1
00000758 1
000006c8 8
0000073c 1
00000674 1
0000072c 1
000006e4 2
00000888 1
00000700 1
00000844 2
00000954 1
00000864 1
00000858 1
00000884 d
0000081c 2
0000096c 1
00000828 8
00000854 23
00000974 1
Dump dual leases

