sample rate: 0.015625
len(carl_order):
72
Printing carl assignment order:
00000800,1,1.0
00000900,1,1.0
000008f8,1,1.0
000008a8,1,1.0
000008b4,1,1.0
00000850,1,1.0
00000918,1,1.0
00000910,1,1.0
00000928,1,1.0
00000824,1,1.0
00000968,1,1.0
00000a60,1,1.0
000009d8,1,1.0
00000a84,1,1.0
000009c0,1,1.0
00000a14,1,1.0
00000950,1,1.0
00000a7c,1,1.0
00000a2c,1,1.0
00000a48,1,1.0
00000980,1,1.0
000009b8,1,1.0
00000a9c,1,1.0
00000a94,1,1.0
0000087c,2,0.5
00000904,2,0.5
0000086c,2,0.5
000008bc,2,0.5
00000858,2,0.5
000008d0,2,0.5
000008e8,2,0.5
0000082c,2,0.5
0000091c,2,0.5
00000840,2,0.5
00000934,2,0.5
00000a04,2,0.5
00000a88,2,0.5
000009e0,2,0.5
000009f0,2,0.5
00000a34,2,0.5
00000aa0,2,0.5
00000a6c,2,0.5
00000970,2,0.5
000009a8,2,0.5
00000998,2,0.5
00000908,4,0.4932795698924731
00000920,4,0.46153846153846156
00000888,3,0.3333333333333333
00000890,3,0.3333333333333333
00000864,4,0.25
00000838,5,0.2
0000097c,5,0.2
000009a0,5,0.2
00000a8c,6,0.16742414115759924
000008dc,6,0.16666666666666666
000008a0,6,0.16666666666666666
0000084c,7,0.14285714285714285
00000aa4,7,0.14285714285714285
000009b4,7,0.14285714285714285
000008f4,12,0.12444625786896713
00000a78,12,0.12381719347694786
000009ec,12,0.08333333333333333
00000878,13,0.07692307692307693
000009fc,14,0.07142857142857142
00000a10,20,0.04556581059390048
0000089c,21,0.04405751220155652
00000a10,996,0.00128993497314108
00000a40,1016,0.0009265210285957897
0000089c,1460,0.0008063363749566211
000008c8,1509,0.0006314056882876144
000008c8,57766,1.9525334709013056e-05
00000a40,66047,1.5377281604158017e-05
TRACE LENGTH: 6153280.0
assigning lease 1 to address 00000800
Average Cache Occupancy Per Bin: [0.0,0.0,0.0,0.0,0.0,0.0,0.0,0.0,0.0,0.0,0.0,0.0,0.0,0.0,0.0,0.0,0.0,0.0,0.0,0.0,0.0,0.0,0.0,0.0,0.0,0.0,0.0,0.0,0.0,1.04,0.0,0.0]
Total cost: 0
assigning lease 1 to address 00000900
Average Cache Occupancy Per Bin: [0.0,0.0,0.0,0.0,0.0,0.0,0.0,0.0,0.0,0.0,0.0,0.0,0.0,0.0,0.0,0.0,0.0,0.0,0.0,0.0,0.0,0.0,0.0,0.0,0.0,0.0,0.0,0.0,0.0,1.04,0.02,0.0]
Total cost: 0
assigning lease 1 to address 000008f8
Average Cache Occupancy Per Bin: [0.0,0.0,0.0,0.0,0.0,0.0,0.0,0.0,0.0,0.0,0.0,0.0,0.0,0.0,0.0,0.0,0.0,0.0,0.0,0.0,0.0,0.0,0.0,0.0,0.0,0.0,0.0,0.0,0.0,1.04,0.04,0.0]
Total cost: 0
assigning lease 1 to address 000008a8
Average Cache Occupancy Per Bin: [0.0,0.0,0.0,0.0,0.0,0.0,0.0,0.0,0.0,0.0,0.0,0.0,0.0,0.0,0.0,0.0,0.0,0.0,0.0,0.0,0.0,0.0,0.0,0.0,0.0,0.0,0.0,0.0,0.0,1.04,0.06,0.0]
Total cost: 0
assigning lease 1 to address 000008b4
Average Cache Occupancy Per Bin: [0.0,0.0,0.0,0.0,0.0,0.0,0.0,0.0,0.0,0.0,0.0,0.0,0.0,0.0,0.0,0.0,0.0,0.0,0.0,0.0,0.0,0.0,0.0,0.0,0.0,0.0,0.0,0.0,0.0,1.04,0.09,0.0]
Total cost: 0
assigning lease 1 to address 00000850
Average Cache Occupancy Per Bin: [0.0,0.0,0.0,0.0,0.0,0.0,0.0,0.0,0.0,0.0,0.0,0.0,0.0,0.0,0.0,0.0,0.0,0.0,0.0,0.0,0.0,0.0,0.0,0.0,0.0,0.0,0.0,0.0,0.0,1.04,0.09,0.0]
Total cost: 0
assigning lease 1 to address 00000918
Average Cache Occupancy Per Bin: [0.0,0.0,0.0,0.0,0.0,0.0,0.0,0.0,0.0,0.0,0.0,0.0,0.0,0.0,0.0,0.0,0.0,0.0,0.0,0.0,0.0,0.0,0.0,0.0,0.0,0.0,0.0,0.0,0.0,1.04,0.09,0.0]
Total cost: 0
assigning lease 1 to address 00000910
Average Cache Occupancy Per Bin: [0.0,0.0,0.0,0.0,0.0,0.0,0.0,0.0,0.0,0.0,0.0,0.0,0.0,0.0,0.0,0.0,0.0,0.0,0.0,0.0,0.0,0.0,0.0,0.0,0.0,0.0,0.0,0.0,0.0,1.04,0.09,0.0]
Total cost: 0
assigning lease 1 to address 00000928
Average Cache Occupancy Per Bin: [0.0,0.0,0.0,0.0,0.0,0.0,0.0,0.0,0.0,0.0,0.0,0.0,0.0,0.0,0.0,0.0,0.0,0.0,0.0,0.0,0.0,0.0,0.0,0.0,0.0,0.0,0.0,0.0,0.0,1.04,0.09,0.0]
Total cost: 0
assigning lease 1 to address 00000824
Average Cache Occupancy Per Bin: [0.0,0.0,0.0,0.0,0.0,0.0,0.0,0.0,0.0,0.0,0.0,0.0,0.0,0.0,0.0,0.0,0.0,0.0,0.0,0.0,0.0,0.0,0.0,0.0,0.0,0.0,0.0,0.0,0.0,1.04,0.09,0.0]
Total cost: 0
assigning lease 1 to address 00000968
Average Cache Occupancy Per Bin: [0.0,0.0,0.0,0.0,0.0,0.0,0.0,0.0,0.0,0.0,0.0,0.0,0.0,0.0,0.0,0.0,0.0,0.0,0.0,0.0,0.0,0.0,0.0,0.0,0.0,0.0,0.0,0.0,0.0,1.04,0.09,0.0]
Total cost: 0
assigning lease 1 to address 00000a60
Average Cache Occupancy Per Bin: [0.0,0.0,0.0,0.0,0.0,0.0,0.0,0.0,0.0,0.0,0.0,0.0,0.0,0.0,0.0,0.0,0.0,0.0,0.0,0.0,0.0,0.0,0.0,0.0,0.0,0.0,0.0,0.0,0.0,1.04,0.11,0.0]
Total cost: 0
assigning lease 1 to address 000009d8
Average Cache Occupancy Per Bin: [0.0,0.0,0.0,0.0,0.0,0.0,0.0,0.0,0.0,0.0,0.0,0.0,0.0,0.0,0.0,0.0,0.0,0.0,0.0,0.0,0.0,0.0,0.0,0.0,0.0,0.0,0.0,0.0,0.0,1.04,0.14,0.0]
Total cost: 0
assigning lease 1 to address 00000a84
Average Cache Occupancy Per Bin: [0.0,0.0,0.0,0.0,0.0,0.0,0.0,0.0,0.0,0.0,0.0,0.0,0.0,0.0,0.0,0.0,0.0,0.0,0.0,0.0,0.0,0.0,0.0,0.0,0.0,0.0,0.0,0.0,0.0,1.04,0.16,0.0]
Total cost: 0
assigning lease 1 to address 000009c0
Average Cache Occupancy Per Bin: [0.0,0.0,0.0,0.0,0.0,0.0,0.0,0.0,0.0,0.0,0.0,0.0,0.0,0.0,0.0,0.0,0.0,0.0,0.0,0.0,0.0,0.0,0.0,0.0,0.0,0.0,0.0,0.0,0.0,1.04,0.19,0.0]
Total cost: 0
assigning lease 1 to address 00000a14
Average Cache Occupancy Per Bin: [0.0,0.0,0.0,0.0,0.0,0.0,0.0,0.0,0.0,0.0,0.0,0.0,0.0,0.0,0.0,0.0,0.0,0.0,0.0,0.0,0.0,0.0,0.0,0.0,0.0,0.0,0.0,0.0,0.0,1.04,0.22,0.0]
Total cost: 0
assigning lease 1 to address 00000950
Average Cache Occupancy Per Bin: [0.0,0.0,0.0,0.0,0.0,0.0,0.0,0.0,0.0,0.0,0.0,0.0,0.0,0.0,0.0,0.0,0.0,0.0,0.0,0.0,0.0,0.0,0.0,0.0,0.0,0.0,0.0,0.0,0.0,1.04,0.22,0.0]
Total cost: 0
assigning lease 1 to address 00000a7c
Average Cache Occupancy Per Bin: [0.0,0.0,0.0,0.0,0.0,0.0,0.0,0.0,0.0,0.0,0.0,0.0,0.0,0.0,0.0,0.0,0.0,0.0,0.0,0.0,0.0,0.0,0.0,0.0,0.0,0.0,0.0,0.0,0.0,1.04,0.24,0.0]
Total cost: 0
assigning lease 1 to address 00000a2c
Average Cache Occupancy Per Bin: [0.0,0.0,0.0,0.0,0.0,0.0,0.0,0.0,0.0,0.0,0.0,0.0,0.0,0.0,0.0,0.0,0.0,0.0,0.0,0.0,0.0,0.0,0.0,0.0,0.0,0.0,0.0,0.0,0.0,1.04,0.27,0.0]
Total cost: 0
assigning lease 1 to address 00000a48
Average Cache Occupancy Per Bin: [0.0,0.0,0.0,0.0,0.0,0.0,0.0,0.0,0.0,0.0,0.0,0.0,0.0,0.0,0.0,0.0,0.0,0.0,0.0,0.0,0.0,0.0,0.0,0.0,0.0,0.0,0.0,0.0,0.0,1.04,0.29,0.0]
Total cost: 0
assigning lease 1 to address 00000980
Average Cache Occupancy Per Bin: [0.0,0.0,0.0,0.0,0.0,0.0,0.0,0.0,0.0,0.0,0.0,0.0,0.0,0.0,0.0,0.0,0.0,0.0,0.0,0.0,0.0,0.0,0.0,0.0,0.0,0.0,0.0,0.0,0.0,1.04,0.29,0.0]
Total cost: 0
assigning lease 1 to address 000009b8
Average Cache Occupancy Per Bin: [0.0,0.0,0.0,0.0,0.0,0.0,0.0,0.0,0.0,0.0,0.0,0.0,0.0,0.0,0.0,0.0,0.0,0.0,0.0,0.0,0.0,0.0,0.0,0.0,0.0,0.0,0.0,0.0,0.0,1.04,0.29,0.0]
Total cost: 0
assigning lease 1 to address 00000a9c
Average Cache Occupancy Per Bin: [0.0,0.0,0.0,0.0,0.0,0.0,0.0,0.0,0.0,0.0,0.0,0.0,0.0,0.0,0.0,0.0,0.0,0.0,0.0,0.0,0.0,0.0,0.0,0.0,0.0,0.0,0.0,0.0,0.0,1.04,0.30,0.0]
Total cost: 0
assigning lease 1 to address 00000a94
Average Cache Occupancy Per Bin: [0.0,0.0,0.0,0.0,0.0,0.0,0.0,0.0,0.0,0.0,0.0,0.0,0.0,0.0,0.0,0.0,0.0,0.0,0.0,0.0,0.0,0.0,0.0,0.0,0.0,0.0,0.0,0.0,0.0,1.04,0.30,0.0]
Total cost: 0
assigning lease 2 to address 0000087c
Average Cache Occupancy Per Bin: [0.0,0.0,0.0,0.0,0.0,0.0,0.0,0.0,0.0,0.0,0.0,0.0,0.0,0.0,0.0,0.0,0.0,0.0,0.0,0.0,0.0,0.0,0.0,0.0,0.0,0.0,0.0,0.0,0.0,1.04,0.34,0.0]
Total cost: 0
assigning lease 2 to address 00000904
Average Cache Occupancy Per Bin: [0.0,0.0,0.0,0.0,0.0,0.0,0.0,0.0,0.0,0.0,0.0,0.0,0.0,0.0,0.0,0.0,0.0,0.0,0.0,0.0,0.0,0.0,0.0,0.0,0.0,0.0,0.0,0.0,0.0,1.04,0.39,0.0]
Total cost: 0
assigning lease 2 to address 0000086c
Average Cache Occupancy Per Bin: [0.0,0.0,0.0,0.0,0.0,0.0,0.0,0.0,0.0,0.0,0.0,0.0,0.0,0.0,0.0,0.0,0.0,0.0,0.0,0.0,0.0,0.0,0.0,0.0,0.0,0.0,0.0,0.0,0.0,1.04,0.43,0.0]
Total cost: 0
assigning lease 2 to address 000008bc
Average Cache Occupancy Per Bin: [0.0,0.0,0.0,0.0,0.0,0.0,0.0,0.0,0.0,0.0,0.0,0.0,0.0,0.0,0.0,0.0,0.0,0.0,0.0,0.0,0.0,0.0,0.0,0.0,0.0,0.0,0.0,0.0,0.0,1.04,0.48,0.0]
Total cost: 0
assigning lease 2 to address 00000858
Average Cache Occupancy Per Bin: [0.0,0.0,0.0,0.0,0.0,0.0,0.0,0.0,0.0,0.0,0.0,0.0,0.0,0.0,0.0,0.0,0.0,0.0,0.0,0.0,0.0,0.0,0.0,0.0,0.0,0.0,0.0,0.0,0.0,1.04,0.52,0.0]
Total cost: 0
assigning lease 2 to address 000008d0
Average Cache Occupancy Per Bin: [0.0,0.0,0.0,0.0,0.0,0.0,0.0,0.0,0.0,0.0,0.0,0.0,0.0,0.0,0.0,0.0,0.0,0.0,0.0,0.0,0.0,0.0,0.0,0.0,0.0,0.0,0.0,0.0,0.0,1.04,0.57,0.0]
Total cost: 0
assigning lease 2 to address 000008e8
Average Cache Occupancy Per Bin: [0.0,0.0,0.0,0.0,0.0,0.0,0.0,0.0,0.0,0.0,0.0,0.0,0.0,0.0,0.0,0.0,0.0,0.0,0.0,0.0,0.0,0.0,0.0,0.0,0.0,0.0,0.0,0.0,0.0,1.04,0.61,0.0]
Total cost: 0
assigning lease 2 to address 0000082c
Average Cache Occupancy Per Bin: [0.0,0.0,0.0,0.0,0.0,0.0,0.0,0.0,0.0,0.0,0.0,0.0,0.0,0.0,0.0,0.0,0.0,0.0,0.0,0.0,0.0,0.0,0.0,0.0,0.0,0.0,0.0,0.0,0.0,1.04,0.61,0.0]
Total cost: 0
assigning lease 2 to address 0000091c
Average Cache Occupancy Per Bin: [0.0,0.0,0.0,0.0,0.0,0.0,0.0,0.0,0.0,0.0,0.0,0.0,0.0,0.0,0.0,0.0,0.0,0.0,0.0,0.0,0.0,0.0,0.0,0.0,0.0,0.0,0.0,0.0,0.0,1.04,0.61,0.0]
Total cost: 0
assigning lease 2 to address 00000840
Average Cache Occupancy Per Bin: [0.0,0.0,0.0,0.0,0.0,0.0,0.0,0.0,0.0,0.0,0.0,0.0,0.0,0.0,0.0,0.0,0.0,0.0,0.0,0.0,0.0,0.0,0.0,0.0,0.0,0.0,0.0,0.0,0.0,1.04,0.61,0.0]
Total cost: 0
assigning lease 2 to address 00000934
Average Cache Occupancy Per Bin: [0.0,0.0,0.0,0.0,0.0,0.0,0.0,0.0,0.0,0.0,0.0,0.0,0.0,0.0,0.0,0.0,0.0,0.0,0.0,0.0,0.0,0.0,0.0,0.0,0.0,0.0,0.0,0.0,0.0,1.04,0.61,0.0]
Total cost: 0
assigning lease 2 to address 00000a04
Average Cache Occupancy Per Bin: [0.0,0.0,0.0,0.0,0.0,0.0,0.0,0.0,0.0,0.0,0.0,0.0,0.0,0.0,0.0,0.0,0.0,0.0,0.0,0.0,0.0,0.0,0.0,0.0,0.0,0.0,0.0,0.0,0.0,1.04,0.66,0.0]
Total cost: 0
assigning lease 2 to address 00000a88
Average Cache Occupancy Per Bin: [0.0,0.0,0.0,0.0,0.0,0.0,0.0,0.0,0.0,0.0,0.0,0.0,0.0,0.0,0.0,0.0,0.0,0.0,0.0,0.0,0.0,0.0,0.0,0.0,0.0,0.0,0.0,0.0,0.0,1.04,0.72,0.0]
Total cost: 0
assigning lease 2 to address 000009e0
Average Cache Occupancy Per Bin: [0.0,0.0,0.0,0.0,0.0,0.0,0.0,0.0,0.0,0.0,0.0,0.0,0.0,0.0,0.0,0.0,0.0,0.0,0.0,0.0,0.0,0.0,0.0,0.0,0.0,0.0,0.0,0.0,0.0,1.04,0.77,0.0]
Total cost: 0
assigning lease 2 to address 000009f0
Average Cache Occupancy Per Bin: [0.0,0.0,0.0,0.0,0.0,0.0,0.0,0.0,0.0,0.0,0.0,0.0,0.0,0.0,0.0,0.0,0.0,0.0,0.0,0.0,0.0,0.0,0.0,0.0,0.0,0.0,0.0,0.0,0.0,1.04,0.82,0.0]
Total cost: 0
assigning lease 2 to address 00000a34
Average Cache Occupancy Per Bin: [0.0,0.0,0.0,0.0,0.0,0.0,0.0,0.0,0.0,0.0,0.0,0.0,0.0,0.0,0.0,0.0,0.0,0.0,0.0,0.0,0.0,0.0,0.0,0.0,0.0,0.0,0.0,0.0,0.0,1.04,0.87,0.0]
Total cost: 0
assigning lease 2 to address 00000aa0
Average Cache Occupancy Per Bin: [0.0,0.0,0.0,0.0,0.0,0.0,0.0,0.0,0.0,0.0,0.0,0.0,0.0,0.0,0.0,0.0,0.0,0.0,0.0,0.0,0.0,0.0,0.0,0.0,0.0,0.0,0.0,0.0,0.0,1.04,0.87,0.0]
Total cost: 0
assigning lease 2 to address 00000a6c
Average Cache Occupancy Per Bin: [0.0,0.0,0.0,0.0,0.0,0.0,0.0,0.0,0.0,0.0,0.0,0.0,0.0,0.0,0.0,0.0,0.0,0.0,0.0,0.0,0.0,0.0,0.0,0.0,0.0,0.0,0.0,0.0,0.0,1.04,0.92,0.0]
Total cost: 0
assigning lease 2 to address 00000970
Average Cache Occupancy Per Bin: [0.0,0.0,0.0,0.0,0.0,0.0,0.0,0.0,0.0,0.0,0.0,0.0,0.0,0.0,0.0,0.0,0.0,0.0,0.0,0.0,0.0,0.0,0.0,0.0,0.0,0.0,0.0,0.0,0.0,1.04,0.92,0.0]
Total cost: 0
assigning lease 2 to address 000009a8
Average Cache Occupancy Per Bin: [0.0,0.0,0.0,0.0,0.0,0.0,0.0,0.0,0.0,0.0,0.0,0.0,0.0,0.0,0.0,0.0,0.0,0.0,0.0,0.0,0.0,0.0,0.0,0.0,0.0,0.0,0.0,0.0,0.0,1.04,0.93,0.0]
Total cost: 0
assigning lease 2 to address 00000998
Average Cache Occupancy Per Bin: [0.0,0.0,0.0,0.0,0.0,0.0,0.0,0.0,0.0,0.0,0.0,0.0,0.0,0.0,0.0,0.0,0.0,0.0,0.0,0.0,0.0,0.0,0.0,0.0,0.0,0.0,0.0,0.0,0.0,1.04,0.93,0.0]
Total cost: 0
assigning lease 4 to address 00000908
Average Cache Occupancy Per Bin: [0.0,0.0,0.0,0.0,0.0,0.0,0.0,0.0,0.0,0.0,0.0,0.0,0.0,0.0,0.0,0.0,0.0,0.0,0.0,0.0,0.0,0.0,0.0,0.0,0.0,0.0,0.0,0.0,0.0,0.04,0.93,0.0]
Total cost: 0
assigning lease 4 to address 00000920
Average Cache Occupancy Per Bin: [0.0,0.0,0.0,0.0,0.0,0.0,0.0,0.0,0.0,0.0,0.0,0.0,0.0,0.0,0.0,0.0,0.0,0.0,0.0,0.0,0.0,0.0,0.0,0.0,0.0,0.0,0.0,0.0,0.0,0.04,0.93,0.0]
Total cost: 0
assigning lease 3 to address 00000888
Average Cache Occupancy Per Bin: [0.0,0.0,0.0,0.0,0.0,0.0,0.0,0.0,0.0,0.0,0.0,0.0,0.0,0.0,0.0,0.0,0.0,0.0,0.0,0.0,0.0,0.0,0.0,0.0,0.0,0.0,0.0,0.0,0.0,0.11,0.93,0.0]
Total cost: 0
assigning lease 3 to address 00000890
Average Cache Occupancy Per Bin: [0.0,0.0,0.0,0.0,0.0,0.0,0.0,0.0,0.0,0.0,0.0,0.0,0.0,0.0,0.0,0.0,0.0,0.0,0.0,0.0,0.0,0.0,0.0,0.0,0.0,0.0,0.0,0.0,0.0,0.11,0.99,0.0]
Total cost: 0
assigning lease 4 to address 00000864
Average Cache Occupancy Per Bin: [0.0,0.0,0.0,0.0,0.0,0.0,0.0,0.0,0.0,0.0,0.0,0.0,0.0,0.0,0.0,0.0,0.0,0.0,0.0,0.0,0.0,0.0,0.0,0.0,0.0,0.0,0.0,0.0,0.0,0.20,0.99,0.0]
Total cost: 0
assigning lease 5 to address 00000838
Average Cache Occupancy Per Bin: [0.0,0.0,0.0,0.0,0.0,0.0,0.0,0.0,0.0,0.0,0.0,0.0,0.0,0.0,0.0,0.0,0.0,0.0,0.0,0.0,0.0,0.0,0.0,0.0,0.0,0.0,0.0,0.0,0.0,0.20,0.99,0.0]
Total cost: 0
assigning lease 5 to address 0000097c
Average Cache Occupancy Per Bin: [0.00,0.00,0.00,0.00,0.00,0.00,0.00,0.00,0.00,0.00,5.20,5.20,5.20,0.00,0.00,5.20,5.20,0.00,5.20,5.20,0.00,5.20,0.0,0.0,5.20,0.0,0.0,5.20,0.0,0.20,0.99,5.20]
Total cost: 1280.0
assigning lease 5 to address 000009a0
Average Cache Occupancy Per Bin: [0.00,0.00,0.00,0.00,0.00,0.00,0.00,0.00,0.00,0.00,5.20,5.20,5.20,0.00,0.00,5.20,5.20,0.00,5.20,5.20,0.00,5.20,0.0,0.0,5.20,0.0,0.0,5.20,0.0,0.21,0.99,5.20]
Total cost: 1280.0
assigning lease 6 to address 00000a8c
Average Cache Occupancy Per Bin: [0.00,0.00,0.00,0.00,0.00,0.00,0.00,0.00,0.00,0.00,5.20,5.20,5.20,0.00,0.00,5.20,5.20,0.00,5.20,5.20,0.00,5.20,0.0,0.0,5.20,0.0,0.0,5.20,0.0,0.36,0.99,5.20]
Total cost: 1280.0
assigning lease 6 to address 000008dc
Average Cache Occupancy Per Bin: [0.00,0.00,0.00,0.00,0.00,0.00,0.00,0.00,0.00,0.00,5.20,5.20,5.20,0.00,0.00,5.20,5.20,0.00,5.20,5.20,0.00,5.20,0.0,0.0,5.20,0.0,0.0,5.20,0.0,0.50,0.99,5.20]
Total cost: 1280.0
assigning lease 6 to address 000008a0
Average Cache Occupancy Per Bin: [0.00,0.00,0.00,0.00,0.00,0.00,0.00,0.00,0.00,0.00,5.20,5.20,5.20,0.00,0.00,5.20,5.20,0.00,5.20,5.20,0.00,5.20,0.0,0.0,5.20,0.0,0.0,5.20,0.0,0.63,0.99,5.20]
Total cost: 1280.0
assigning lease 7 to address 0000084c
Average Cache Occupancy Per Bin: [0.00,0.00,0.00,0.00,0.00,0.00,0.00,0.00,0.00,0.00,5.20,5.20,0.00,0.00,0.00,5.20,0.00,0.00,0.00,0.00,0.00,0.00,7.28,0.0,0.00,0.00,7.28,5.20,7.28,0.63,0.99,5.20]
Total cost: 1280.0
assigning lease 7 to address 00000aa4
Average Cache Occupancy Per Bin: [0.00,0.00,0.00,0.00,0.00,0.00,0.00,0.00,0.00,0.00,5.20,5.20,0.00,0.00,0.00,5.20,0.00,0.00,0.00,0.00,0.00,0.00,7.28,0.0,0.00,0.00,7.28,5.20,7.28,0.64,0.99,5.20]
Total cost: 1280.0
assigning lease 7 to address 000009b4
Average Cache Occupancy Per Bin: [0.00,0.00,0.00,0.00,0.00,0.00,0.00,0.00,0.00,0.00,0.00,0.00,0.00,0.00,0.00,0.00,0.00,0.00,0.00,0.00,0.00,0.00,0.00,0.00,0.00,0.00,0.00,5.20,0.00,0.64,0.99,5.20]
Total cost: 2176.0
assigning lease 12 to address 000008f4
Average Cache Occupancy Per Bin: [0.00,0.00,0.00,0.00,0.00,0.00,0.00,0.00,0.00,0.00,0.00,0.00,0.00,0.00,0.00,0.00,0.00,0.00,0.00,0.00,0.00,0.00,0.00,0.00,0.00,0.00,0.00,0.00,0.00,0.64,1.00,0.00]
Total cost: 40064.0
assigning lease 12 to address 00000a78
Average Cache Occupancy Per Bin: [0.01,0.01,0.01,0.01,0.01,0.01,0.01,0.01,0.01,0.01,0.01,0.01,0.01,0.01,0.01,0.01,0.01,0.01,0.01,0.01,0.01,0.01,0.01,0.01,0.01,0.01,0.01,0.01,0.01,0.65,1.00,0.01]
Total cost: 84352.0
assigning lease 12 to address 000009ec
Average Cache Occupancy Per Bin: [0.02,0.02,0.02,0.02,0.02,0.02,0.02,0.02,0.02,0.02,0.02,0.02,0.01,0.02,0.02,0.02,0.02,0.02,0.02,0.01,0.02,0.02,0.01,0.02,0.02,0.02,0.02,0.02,0.02,0.66,1.02,0.02]
Total cost: 151936.0
assigning lease 13 to address 00000878
Average Cache Occupancy Per Bin: [0.03,0.03,0.03,0.03,0.03,0.03,0.03,0.03,0.02,0.02,0.02,0.02,0.03,0.03,0.03,0.03,0.03,0.03,0.03,0.02,0.03,0.03,0.02,0.03,0.03,0.03,0.03,0.03,0.02,0.66,1.02,0.02]
Total cost: 188544.0
assigning lease 14 to address 000009fc
Average Cache Occupancy Per Bin: [0.03,0.03,0.03,0.03,0.03,0.03,0.03,0.03,0.02,0.02,0.02,0.02,0.03,0.03,0.03,0.03,0.03,0.03,0.03,0.02,0.03,0.03,0.02,0.03,0.03,0.03,0.03,0.03,0.02,1.03,1.02,0.02]
Total cost: 188544.0
assigning lease 20 to address 00000a10
Average Cache Occupancy Per Bin: [0.04,0.04,0.04,0.05,0.05,0.04,0.05,0.05,0.04,0.04,0.04,0.04,0.04,0.05,0.05,0.04,0.04,0.04,0.04,0.04,0.04,0.04,0.04,0.05,0.04,0.05,0.04,0.04,0.04,1.04,1.04,0.03]
Total cost: 287104.0
assigning lease 21 to address 0000089c
Average Cache Occupancy Per Bin: [0.05,0.06,0.06,0.06,0.06,0.06,0.06,0.06,0.06,0.06,0.06,0.06,0.05,0.06,0.06,0.05,0.05,0.06,0.06,0.05,0.06,0.06,0.05,0.06,0.06,0.06,0.06,0.05,0.05,1.06,1.05,0.05]
Total cost: 365056.0
assigning lease 996 to address 00000a10
Average Cache Occupancy Per Bin: [0.10,0.13,0.08,0.13,0.13,0.10,0.13,0.14,0.13,0.12,0.11,0.10,0.09,0.11,0.13,0.10,0.10,0.11,0.10,0.12,0.12,0.14,0.13,0.08,0.12,0.12,0.10,0.13,0.12,1.10,1.10,0.10]
Total cost: 655360.0
assigning lease 1016 to address 00000a40
Average Cache Occupancy Per Bin: [0.87,0.99,0.95,0.89,0.92,0.95,0.82,0.83,0.93,0.87,0.93,0.75,0.87,0.92,0.94,0.96,0.92,0.97,0.93,1.10,1.06,0.97,1.07,0.99,0.98,0.91,0.74,0.88,0.87,1.82,1.84,0.91]
Total cost: 5402112.0
assigning lease 1460 to address 0000089c
Average Cache Occupancy Per Bin: [0.90,1.11,1.01,0.96,1.06,0.99,0.87,0.90,0.98,0.94,1.02,0.83,0.93,0.96,1.00,0.99,0.99,1.08,0.94,1.14,1.17,1.06,1.14,1.02,1.06,0.97,0.82,0.92,0.90,1.87,1.92,0.97]
Total cost: 5548672.0
assigning lease 1509 to address 000008c8
Average Cache Occupancy Per Bin: [1.96,2.33,2.19,2.01,2.09,2.19,1.94,1.89,2.05,2.02,2.01,2.08,2.12,1.78,1.85,2.04,1.91,2.24,1.91,2.11,2.28,1.84,2.13,2.21,1.81,2.11,2.07,1.73,1.80,2.83,2.84,1.88]
Total cost: 12101312.0
addr: 000008c8 ri: 57766
bin target: 24613120.0
num_full_bins: 0
printing bin ranks sorted:
	selecting this^ bin
acceptable_ratio: 0.3253844528061939
Assigning 000008c8 dual lease lease 57766 * 0.3253844528061939. Bin saturation: [2.81,3.01,2.87,3.06,2.95,2.53,2.28,2.91,3.07,2.87,2.86,3.27,4.0,2.31,2.53,3.40,2.25,2.75,2.59,2.79,3.13,2.36,2.81,2.89,2.32,2.62,3.11,2.07,2.14,3.34,3.01,2.39]
addr: 00000a40 ri: 66047
bin target: 24613120.0
num_full_bins: 1
printing bin ranks sorted:
acceptable_ratio: 0
Final saturation:
	0,2.818261662601198
	1,3.0198990263424834
	2,2.878925608740721
	3,3.0603963799223224
	4,2.950529479287676
	5,2.5381678852378005
	6,2.2810458300087193
	7,2.9127799932311382
	8,3.075782637521756
	9,2.8741725985966813
	10,2.8634434193228167
	11,3.273573221151629
	12,4.0
	13,2.315682609472218
	14,2.5344355156521567
	15,3.4057973246179842
	16,2.2566648350045218
	17,2.7536701463893483
	18,2.5984834561100216
	19,2.796477223489278
	20,3.1358872361066177
	21,2.3604839252096568
	22,2.814916967993115
	23,2.8978622950578905
	24,2.329632382962456
	25,2.6277665632597005
	26,3.1146916789951513
	27,2.079059247243105
	28,2.1443136986999813
	29,3.343239138689297
	30,3.0166059146403263
	31,2.395356029537941
Dump single leases (last one may be dual)
000008c8 e1a6 percentage 0.3253844528061939
000008c8 5e5 percentage 0.6746155471938061
00000800 1
00000888 3
00000900 1
00000908 4
00000864 4
0000089c 5b4
00000878 d
000008f8 1
0000087c 2
00000904 2
00000890 3
000008a8 1
0000086c 2
000008b4 1
000008dc 6
000008f4 c
000008bc 2
00000858 2
000008d0 2
000008a0 6
000008e8 2
0000082c 2
00000850 1
00000920 4
00000838 5
0000091c 2
00000918 1
0000084c 7
00000840 2
00000910 1
00000928 1
00000934 2
00000824 1
00000968 1
00000a60 1
000009d8 1
00000a04 2
00000a88 2
000009e0 2
000009f0 2
00000a84 1
000009ec c
00000a34 2
00000aa0 2
00000a40 3f8
00000a6c 2
00000a78 c
000009c0 1
00000a10 3e4
00000a8c 6
00000a14 1
00000950 1
00000a7c 1
00000a2c 1
00000970 2
00000a48 1
000009fc e
00000980 1
0000097c 5
00000aa4 7
000009a8 2
000009a0 5
000009b4 7
000009b8 1
00000998 2
00000a9c 1
00000a94 1
Dump dual leases

