sample rate: 0.00390625
00000978,
	[1,1]

0000072c,
	[1,72]

00000944,
	[1,3779]

00000640,
	[1,61]

000007a0,
	[2,61]

00000960,
	[1,60]

0000094c,
	[1,3670]

000008b8,
	[4,450]
	[12,3230]

000008d0,
	[2,3688]

00000758,
	[1,64]

000008c8,
	[1,3779]

0000092c,
	[2,3618]

000006a0,
	[1,62]

00000664,
	[4,57]
	[513,1]
	[1273,1]
	[1413,1]
	[713,1]
	[193,1]
	[1553,1]
	[993,1]

00000698,
	[1,60]

000008a4,
	[1,3629]

000006a8,
	[1,59]

00000744,
	[1,65]

000008e0,
	[1,3671]

000008bc,
	[1,3692]

00000938,
	[8,3738]
	[17,8]
	[13,57]

0000063c,
	[4,46]
	[8,2]

000008dc,
	[8,452]
	[20,3047]
	[278,4]
	[318,1]
	[118,2]
	[438,1]
	[258,1]
	[138,2]
	[98,2]
	[638,1]
	[998,2]
	[158,2]
	[858,1]
	[578,1]
	[1058,1]
	[1138,2]
	[398,2]
	[1318,3]
	[838,1]
	[1458,1]
	[978,2]
	[878,2]
	[238,1]
	[1118,2]
	[1278,3]
	[958,3]
	[758,6]
	[1538,5]
	[778,4]
	[1838,3]
	[1338,4]
	[1038,2]
	[1238,4]
	[1298,1]
	[1478,2]
	[1418,4]
	[1798,2]
	[1718,4]
	[1498,1]
	[1818,2]
	[1938,4]
	[1258,2]
	[1558,3]
	[618,2]
	[1578,1]
	[498,3]
	[678,4]
	[2038,4]
	[2118,4]
	[2078,3]
	[418,1]
	[1218,3]
	[2178,4]
	[1918,3]
	[1438,3]
	[818,1]
	[1878,2]
	[119806,1]
	[2138,3]
	[2198,5]
	[1358,2]
	[898,1]
	[1598,2]
	[558,1]
	[2218,3]
	[1898,1]
	[1858,4]
	[2018,2]
	[2478,2]
	[2278,5]
	[2318,1]
	[2738,3]
	[2378,2]
	[2238,1]
	[1698,3]
	[2438,4]
	[2298,3]
	[1758,2]
	[2638,3]
	[2358,1]
	[1018,2]
	[2458,2]
	[2558,2]
	[2718,2]
	[2598,4]
	[518,1]
	[2658,1]
	[1978,1]
	[1178,1]
	[1618,2]
	[598,1]
	[2878,2]
	[2818,1]
	[1638,1]
	[1958,1]
	[698,1]
	[2578,1]
	[2958,2]
	[938,2]
	[2518,1]
	[1158,1]
	[1198,2]
	[2158,1]
	[3158,1]
	[918,1]
	[2698,1]
	[2978,2]
	[2618,1]
	[3098,1]
	[1098,1]
	[2498,1]
	[2918,1]
	[2418,1]
	[1518,1]
	[1738,1]
	[738,1]
	[2538,1]
	[2858,1]
	[538,1]

0000090c,
	[1,3734]

00000898,
	[1,3813]

0000060c,
	[1,2]

000008ac,
	[2,3661]

00000668,
	[1,70]

00000954,
	[1,76]

000006bc,
	[2,67]

00000614,
	[1,63]

00000904,
	[258,7]
	[338,12]
	[158,4]
	[438,16]
	[398,14]
	[5479,1]
	[358,7]
	[478,15]
	[498,14]
	[3159,1]
	[518,11]
	[318,9]
	[418,11]
	[458,13]
	[298,7]
	[598,16]
	[638,21]
	[178,5]
	[658,18]
	[238,7]
	[11959,1]
	[578,23]
	[378,9]
	[218,5]
	[758,17]
	[78,1]
	[11111,1]
	[10605,1]
	[558,12]
	[738,20]
	[898,22]
	[818,27]
	[12077,1]
	[838,17]
	[858,17]
	[278,9]
	[538,16]
	[938,18]
	[978,26]
	[678,18]
	[798,24]
	[998,20]
	[958,21]
	[1018,31]
	[1038,29]
	[1058,29]
	[29557,1]
	[1078,26]
	[918,26]
	[26931,1]
	[778,18]
	[718,24]
	[878,13]
	[22631,1]
	[1118,26]
	[1138,23]
	[198,2]
	[35373,1]
	[36445,1]
	[1198,25]
	[1178,27]
	[34381,1]
	[1238,27]
	[698,11]
	[33071,1]
	[1278,19]
	[1298,24]
	[1158,30]
	[36565,1]
	[40219,1]
	[618,9]
	[34359,1]
	[37111,1]
	[42935,1]
	[1318,25]
	[1098,27]
	[1218,24]
	[1358,24]
	[34295,1]
	[1338,27]
	[1378,22]
	[47653,1]
	[41031,1]
	[48167,1]
	[49565,1]
	[40359,1]
	[1458,32]
	[1398,31]
	[1418,35]
	[45783,1]
	[1258,26]
	[1478,22]
	[1498,34]
	[1538,29]
	[45077,1]
	[1438,33]
	[44333,1]
	[1518,23]
	[1598,26]
	[118,1]
	[59349,1]
	[47029,1]
	[64645,1]
	[1558,27]
	[1658,21]
	[64365,1]
	[1618,31]
	[1638,30]
	[63127,1]
	[75655,1]
	[58599,1]
	[1718,27]
	[1578,23]
	[1738,29]
	[78543,1]
	[76135,1]
	[62695,1]
	[57095,1]
	[1758,30]
	[73173,1]
	[1778,40]
	[1818,25]
	[1698,31]
	[73367,1]
	[138,2]
	[70485,1]
	[1858,23]
	[1878,35]
	[1898,20]
	[71501,1]
	[68141,1]
	[1678,27]
	[1798,32]
	[90097,1]
	[1918,26]
	[89397,1]
	[79317,1]
	[72597,1]
	[1938,27]
	[82135,1]
	[1958,29]
	[1978,37]
	[87213,1]
	[78253,1]
	[86711,1]
	[91095,1]
	[1998,22]
	[92949,1]
	[2038,43]
	[93607,1]
	[89127,1]
	[88199,1]
	[1838,26]
	[102823,1]
	[2058,35]
	[96525,1]
	[86445,1]
	[89383,1]
	[110107,1]
	[101301,1]
	[107899,1]
	[2018,20]
	[2078,31]
	[113173,1]
	[102903,1]
	[2098,26]
	[2118,37]
	[101677,1]
	[115293,1]
	[117469,1]
	[106935,1]
	[94615,1]
	[2158,42]
	[101013,1]
	[94293,1]
	[2138,31]
	[98471,1]
	[111175,1]
	[109389,1]
	[108269,1]
	[119411,1]
	[2198,37]
	[126805,1]
	[111125,1]
	[110005,1]
	[2218,27]
	[2258,29]
	[114061,1]
	[121965,1]
	[2238,29]
	[130877,1]
	[126199,1]
	[120599,1]
	[107159,1]
	[2338,41]
	[117077,1]
	[114837,1]
	[115531,1]
	[2318,38]
	[111335,1]
	[2298,27]
	[132445,1]
	[124653,1]
	[120173,1]
	[116813,1]
	[2278,17]
	[140189,1]
	[132391,1]
	[130151,1]
	[129031,1]
	[122311,1]
	[2178,26]
	[2358,26]
	[2378,16]
	[147343,1]
	[135573,1]
	[140087,1]
	[135607,1]
	[123287,1]
	[2398,31]
	[2438,22]
	[153645,1]
	[143405,1]
	[126605,1]
	[122125,1]
	[2458,27]
	[134423,1]
	[129943,1]
	[2478,29]
	[150101,1]
	[146741,1]
	[133301,1]
	[131061,1]
	[147445,1]
	[128821,1]
	[126581,1]
	[152299,1]
	[2498,31]
	[2518,22]
	[158695,1]
	[132237,1]
	[140349,1]
	[2418,21]
	[2558,29]
	[163825,1]
	[142375,1]
	[137895,1]
	[135655,1]
	[2578,18]
	[164869,1]
	[2538,30]
	[2598,22]
	[163831,1]
	[141431,1]
	[2618,21]
	[159469,1]
	[144909,1]
	[149981,1]
	[155127,2]
	[146167,1]
	[2638,19]
	[168725,1]
	[146325,1]
	[154917,1]
	[175301,1]
	[2678,18]
	[157703,1]
	[157415,1]
	[2658,20]
	[173581,1]
	[159021,1]
	[161479,1]
	[156999,1]
	[172743,1]
	[2698,20]
	[170677,1]
	[166197,1]
	[178775,1]
	[174295,1]
	[165335,1]
	[2718,16]
	[2778,25]
	[170093,1]
	[2758,19]
	[183831,1]
	[174871,1]
	[171511,1]
	[167031,3]
	[194327,1]
	[186389,1]
	[183029,1]
	[165109,1]
	[197125,1]
	[198783,1]
	[195687,1]
	[176505,1]
	[2838,20]
	[2858,21]
	[187085,1]
	[178125,1]
	[181659,1]
	[2878,19]
	[207079,1]
	[176263,1]
	[174023,1]
	[201301,1]
	[212517,1]
	[2738,21]
	[2818,20]
	[2918,15]
	[197239,1]
	[194999,1]
	[190519,1]
	[183799,1]
	[182679,1]
	[2798,17]
	[2898,25]
	[2938,13]
	[194317,1]
	[211575,1]
	[207095,1]
	[221329,1]
	[208119,1]
	[196373,1]
	[186293,2]
	[220229,1]
	[2978,15]
	[2998,20]
	[221641,1]
	[215815,1]
	[3018,17]
	[224269,1]
	[219789,1]
	[207469,1]
	[200749,1]
	[197389,2]
	[226205,1]
	[214727,1]
	[205767,1]
	[200167,1]
	[197927,1]
	[194567,1]
	[3058,20]
	[222005,1]
	[198485,1]
	[197365,1]
	[220309,1]
	[2958,10]
	[3038,15]
	[3078,19]
	[3098,21]
	[210861,1]
	[214493,1]
	[3118,11]
	[223799,1]
	[214839,1]
	[205879,1]
	[230037,1]
	[227797,1]
	[218837,1]
	[237415,1]
	[230695,1]
	[221735,1]
	[217255,1]
	[247751,1]
	[236973,1]
	[225773,1]
	[217933,1]
	[214573,1]
	[226365,1]
	[3158,7]
	[244391,1]
	[238791,1]
	[229831,1]
	[229383,2]
	[3138,14]
	[245109,1]
	[241749,1]
	[3198,10]
	[240247,3]
	[3258,13]
	[236525,1]
	[230925,1]
	[3278,8]
	[260823,1]
	[269345,1]
	[252983,1]
	[248503,2]
	[255255,1]
	[239543,1]
	[3218,9]
	[266999,1]
	[3298,10]
	[265749,1]
	[235861,1]
	[276423,1]
	[262439,1]
	[236679,1]
	[3318,8]
	[3338,7]
	[282173,1]
	[264397,2]
	[258797,1]
	[250957,1]
	[245357,1]
	[276893,1]
	[3358,11]
	[271975,1]
	[263015,1]
	[256295,1]
	[249575,2]
	[248455,1]
	[3178,8]
	[3378,9]
	[260533,1]
	[249333,1]
	[245973,1]
	[270357,1]
	[277111,1]
	[270391,1]
	[269271,1]
	[258071,1]
	[255831,1]
	[252471,1]
	[286967,2]
	[3418,6]
	[286989,1]
	[285869,1]
	[290989,1]
	[267949,1]
	[264589,1]
	[256749,1]
	[251149,1]
	[3238,10]
	[3398,4]
	[258807,1]
	[3458,7]
	[272085,1]
	[270965,1]
	[282571,1]
	[297221,1]
	[3438,5]
	[3478,3]
	[3498,7]
	[293853,1]
	[267341,1]
	[277053,1]
	[277319,1]
	[272839,1]
	[267239,1]
	[277073,1]
	[3538,2]
	[297301,1]
	[311173,1]
	[3518,1]
	[3558,2]
	[305175,1]
	[301815,1]
	[287255,1]
	[3578,2]
	[318115,1]
	[284973,3]
	[283853,1]
	[290525,1]
	[304237,1]
	[-191649,1]

00000674,
	[1,82]

00000628,
	[1,64]

000006e4,
	[2,66]

00000770,
	[1,65]

00000688,
	[2,67]

00000798,
	[141,1]
	[341,2]
	[201,2]
	[441,1]
	[1361,2]
	[241,1]
	[361,1]
	[901,2]
	[1501,1]
	[818,1]
	[701,1]
	[1541,1]
	[881,3]
	[381,1]
	[1401,1]
	[2061,2]
	[181,1]
	[821,1]
	[741,1]
	[1281,1]
	[1181,1]
	[1538,1]
	[1561,1]
	[1001,1]
	[1221,1]
	[761,1]
	[221,1]
	[1801,2]
	[1961,1]
	[1721,1]
	[261,1]
	[2341,2]
	[2221,2]
	[1141,1]
	[1261,1]
	[501,1]
	[2458,1]
	[1081,1]
	[1521,1]
	[1681,1]
	[2241,1]
	[101,1]
	[2101,1]
	[421,1]
	[2478,1]
	[161,2]
	[2081,1]
	[1881,1]
	[1901,1]
	[941,1]
	[1661,1]
	[281,1]
	[961,1]
	[2321,1]
	[638,1]
	[841,1]
	[621,1]
	[1941,2]
	[981,1]
	[1041,1]
	[2281,1]

0000093c,
	[1,3702]

00000890,
	[1,55]

00000918,
	[1,3764]

00000724,
	[1,76]

00000964,
	[1,56]

00000888,
	[1,70]

00000948,
	[1,3760]

000008f8,
	[2,3758]

0000079c,
	[1,66]

0000076c,
	[14,63]

000007b0,
	[1,70]

000008f0,
	[1,3737]

000007d4,
	[1,50]

00000630,
	[2,67]

000006cc,
	[1,63]

00000654,
	[2,58]

00000694,
	[6,68]

00000800,
	[8,70]

0000061c,
	[1,58]

00000780,
	[1,45]

0000074c,
	[1,55]

000006b4,
	[1,75]

0000095c,
	[1,50]

000006f4,
	[1,53]

00000760,
	[2,55]

00000788,
	[2,59]

00000700,
	[1,64]

000007a8,
	[3,19]
	[1118,2]
	[1418,2]
	[718,1]
	[1338,2]
	[1498,2]
	[258,2]
	[1558,1]
	[418,1]
	[2098,1]
	[938,1]
	[1878,1]
	[798,1]
	[2198,1]
	[958,1]
	[2138,1]
	[1398,1]
	[1518,2]
	[1578,1]
	[2378,1]
	[2958,1]
	[1098,1]
	[2638,1]
	[3018,1]
	[3158,1]
	[1258,1]
	[2078,1]
	[1658,1]
	[2578,1]

000007bc,
	[435,1]
	[395,1]
	[135,1]
	[95,1]
	[235,1]
	[615,1]
	[778,1]
	[898,1]
	[375,1]
	[175,1]
	[938,1]
	[155,1]
	[1598,2]
	[1018,1]
	[878,1]
	[215,2]
	[1418,1]
	[1858,1]
	[775,1]
	[495,1]
	[1538,1]
	[1658,1]
	[1938,1]
	[555,2]
	[735,1]
	[2218,1]
	[258,1]
	[578,1]
	[1818,1]
	[1918,2]
	[2258,1]
	[818,1]
	[1898,1]
	[1578,1]
	[2538,1]
	[1958,1]
	[1778,1]
	[2378,1]
	[1358,1]
	[1878,1]
	[2778,1]
	[75,1]
	[715,1]
	[738,1]
	[1758,1]
	[335,1]
	[1518,1]
	[1838,1]
	[2158,1]
	[855,1]
	[1218,1]
	[675,1]
	[2658,1]
	[3498,1]
	[2518,1]
	[2938,1]
	[3098,1]

000006f0,
	[17,54]
	[658,1]
	[638,1]
	[1578,2]
	[338,1]

0000073c,
	[1,72]

00000734,
	[1,58]

00000714,
	[2,69]

00000720,
	[9,66]

00000884,
	[13,2]

0000064c,
	[1,70]

000007f4,
	[2,63]

000006dc,
	[1,63]

000006c8,
	[8,45]

000007e0,
	[1,65]

000007b4,
	[2,55]

00000864,
	[1,1]

0000081c,
	[2,1]

0000096c,
	[1,1]

len(carl_order):
89
Printing carl assignment order:
00000978,1,1.0
0000072c,1,1.0
00000944,1,1.0
00000640,1,1.0
00000960,1,1.0
0000094c,1,1.0
00000758,1,1.0
000008c8,1,1.0
000006a0,1,1.0
00000698,1,1.0
000008a4,1,1.0
000006a8,1,1.0
00000744,1,1.0
000008e0,1,1.0
000008bc,1,1.0
0000090c,1,1.0
00000898,1,1.0
0000060c,1,1.0
00000668,1,1.0
00000954,1,1.0
00000614,1,1.0
00000674,1,1.0
00000628,1,1.0
00000770,1,1.0
0000093c,1,1.0
00000890,1,1.0
00000918,1,1.0
00000724,1,1.0
00000964,1,1.0
00000888,1,1.0
00000948,1,1.0
0000079c,1,1.0
000007b0,1,1.0
000008f0,1,1.0
000007d4,1,1.0
000006cc,1,1.0
0000061c,1,1.0
00000780,1,1.0
0000074c,1,1.0
000006b4,1,1.0
0000095c,1,1.0
000006f4,1,1.0
00000700,1,1.0
0000073c,1,1.0
00000734,1,1.0
0000064c,1,1.0
000006dc,1,1.0
000007e0,1,1.0
00000864,1,1.0
0000096c,1,1.0
000007a0,2,0.5
000008d0,2,0.5
0000092c,2,0.5
000008ac,2,0.5
000006bc,2,0.5
000006e4,2,0.5
00000688,2,0.5
000008f8,2,0.5
00000630,2,0.5
00000654,2,0.5
00000760,2,0.5
00000788,2,0.5
00000714,2,0.5
000007f4,2,0.5
000007b4,2,0.5
0000081c,2,0.5
0000063c,8,0.24
00000664,4,0.22265625
00000694,6,0.16666666666666666
00000800,8,0.125
000006c8,8,0.125
00000938,17,0.1235502420324226
000007a8,3,0.11949685534591195
00000720,9,0.1111111111111111
000008b8,12,0.09072978303747535
00000884,13,0.07692307692307693
0000076c,14,0.07142857142857142
000006f0,17,0.053838484546360914
000008dc,20,0.050435309040590404
000006f0,1578,0.0010626992561105207
00000664,1553,0.0010569228446323418
00000798,2478,0.0008420032757387714
000007bc,3498,0.0007741607970048861
000007a8,3158,0.0006332650400447011
000008dc,3158,0.0006301230315219047
00000904,3498,0.00047073633886996136
00000904,3578,0.00028340080971659917
000008dc,119806,8.572800219463686e-06
00000904,318115,5.933893605170157e-06
assigning lease 1 to address 00000978
Average Cache Occupancy Per Bin: [0.00,0.0,0.0,0.0,0.0,0.0,0.0,0.0,0.0,0.0,0.0,0.0,0.0,0.0,0.0,0.0,0.0,0.0,0.0,0.0]
Total cost: 256.0
assigning lease 1 to address 0000072c
Average Cache Occupancy Per Bin: [0.00,0.00,0.00,0.00,0.00,0.00,0.00,0.00,0.00,0.00,0.00,0.00,0.00,0.00,0.00,0.0,0.00,0.00,0.00,0.00]
Total cost: 2304.0
assigning lease 1 to address 00000944
Average Cache Occupancy Per Bin: [0.04,0.04,0.04,0.04,0.05,0.05,0.04,0.04,0.04,0.04,0.04,0.04,0.04,0.04,0.04,0.05,0.05,0.04,0.05,0.05]
Total cost: 43520.0
assigning lease 1 to address 00000640
Average Cache Occupancy Per Bin: [0.04,0.05,0.04,0.04,0.05,0.05,0.05,0.05,0.04,0.04,0.04,0.04,0.04,0.04,0.04,0.05,0.05,0.04,0.05,0.05]
Total cost: 46336.0
assigning lease 1 to address 00000960
Average Cache Occupancy Per Bin: [0.04,0.05,0.04,0.04,0.05,0.05,0.05,0.05,0.04,0.04,0.04,0.04,0.04,0.05,0.04,0.05,0.05,0.04,0.05,0.05]
Total cost: 47872.0
assigning lease 1 to address 0000094c
Average Cache Occupancy Per Bin: [0.09,0.09,0.08,0.09,0.10,0.10,0.09,0.09,0.09,0.09,0.09,0.09,0.09,0.09,0.09,0.10,0.10,0.09,0.10,0.10]
Total cost: 96000.0
assigning lease 1 to address 00000758
Average Cache Occupancy Per Bin: [0.09,0.09,0.08,0.09,0.10,0.10,0.09,0.09,0.09,0.09,0.09,0.09,0.09,0.09,0.09,0.10,0.10,0.09,0.10,0.10]
Total cost: 98048.0
assigning lease 1 to address 000008c8
Average Cache Occupancy Per Bin: [0.14,0.14,0.13,0.14,0.15,0.16,0.14,0.14,0.13,0.14,0.13,0.14,0.14,0.14,0.14,0.15,0.15,0.14,0.15,0.15]
Total cost: 143872.0
assigning lease 1 to address 000006a0
Average Cache Occupancy Per Bin: [0.14,0.14,0.13,0.14,0.15,0.16,0.14,0.14,0.13,0.14,0.13,0.14,0.14,0.14,0.14,0.15,0.15,0.14,0.15,0.15]
Total cost: 145408.0
assigning lease 1 to address 00000698
Average Cache Occupancy Per Bin: [0.14,0.14,0.13,0.14,0.15,0.16,0.14,0.14,0.13,0.14,0.13,0.14,0.14,0.14,0.14,0.15,0.15,0.14,0.15,0.15]
Total cost: 147968.0
assigning lease 1 to address 000008a4
Average Cache Occupancy Per Bin: [0.18,0.19,0.19,0.18,0.20,0.21,0.19,0.19,0.19,0.18,0.18,0.18,0.19,0.19,0.19,0.19,0.19,0.19,0.19,0.20]
Total cost: 185088.0
assigning lease 1 to address 000006a8
Average Cache Occupancy Per Bin: [0.18,0.19,0.19,0.18,0.20,0.21,0.19,0.19,0.19,0.19,0.19,0.18,0.19,0.19,0.19,0.20,0.19,0.19,0.19,0.20]
Total cost: 186880.0
assigning lease 1 to address 00000744
Average Cache Occupancy Per Bin: [0.18,0.19,0.19,0.18,0.20,0.21,0.19,0.19,0.19,0.19,0.19,0.18,0.19,0.19,0.19,0.20,0.19,0.19,0.19,0.20]
Total cost: 189440.0
assigning lease 1 to address 000008e0
Average Cache Occupancy Per Bin: [0.23,0.24,0.24,0.22,0.25,0.25,0.24,0.24,0.24,0.23,0.24,0.23,0.23,0.23,0.24,0.24,0.24,0.24,0.25,0.25]
Total cost: 237568.0
assigning lease 1 to address 000008bc
Average Cache Occupancy Per Bin: [0.28,0.28,0.28,0.27,0.29,0.29,0.29,0.29,0.28,0.28,0.29,0.28,0.29,0.28,0.29,0.29,0.28,0.29,0.29,0.30]
Total cost: 283136.0
assigning lease 1 to address 0000090c
Average Cache Occupancy Per Bin: [0.32,0.33,0.33,0.32,0.34,0.34,0.34,0.34,0.32,0.33,0.34,0.32,0.33,0.32,0.34,0.34,0.33,0.34,0.33,0.35]
Total cost: 327680.0
assigning lease 1 to address 00000898
Average Cache Occupancy Per Bin: [0.37,0.38,0.37,0.37,0.38,0.39,0.38,0.39,0.37,0.38,0.38,0.37,0.38,0.38,0.39,0.40,0.38,0.39,0.39,0.39]
Total cost: 372736.0
assigning lease 1 to address 0000060c
Average Cache Occupancy Per Bin: [0.37,0.38,0.37,0.37,0.38,0.39,0.38,0.39,0.37,0.38,0.38,0.37,0.38,0.38,0.39,0.40,0.38,0.39,0.39,0.39]
Total cost: 372992.0
assigning lease 1 to address 00000668
Average Cache Occupancy Per Bin: [0.37,0.38,0.37,0.37,0.38,0.39,0.38,0.39,0.37,0.38,0.38,0.37,0.38,0.38,0.39,0.40,0.38,0.39,0.39,0.39]
Total cost: 375296.0
assigning lease 1 to address 00000954
Average Cache Occupancy Per Bin: [0.37,0.38,0.37,0.37,0.39,0.39,0.39,0.39,0.37,0.38,0.39,0.37,0.39,0.38,0.39,0.40,0.38,0.39,0.39,0.39]
Total cost: 377856.0
assigning lease 1 to address 00000614
Average Cache Occupancy Per Bin: [0.37,0.38,0.38,0.37,0.39,0.39,0.39,0.39,0.37,0.38,0.39,0.37,0.39,0.38,0.39,0.40,0.38,0.39,0.39,0.40]
Total cost: 380416.0
assigning lease 1 to address 00000674
Average Cache Occupancy Per Bin: [0.38,0.38,0.38,0.37,0.39,0.39,0.39,0.39,0.37,0.38,0.39,0.37,0.39,0.38,0.39,0.40,0.38,0.39,0.39,0.40]
Total cost: 382976.0
assigning lease 1 to address 00000628
Average Cache Occupancy Per Bin: [0.38,0.38,0.38,0.38,0.39,0.39,0.39,0.39,0.37,0.38,0.39,0.37,0.39,0.38,0.39,0.40,0.38,0.39,0.39,0.40]
Total cost: 386816.0
assigning lease 1 to address 00000770
Average Cache Occupancy Per Bin: [0.38,0.38,0.38,0.38,0.39,0.39,0.39,0.39,0.37,0.38,0.39,0.37,0.39,0.38,0.39,0.40,0.38,0.39,0.39,0.40]
Total cost: 390144.0
assigning lease 1 to address 0000093c
Average Cache Occupancy Per Bin: [0.43,0.42,0.42,0.42,0.43,0.44,0.44,0.44,0.43,0.43,0.44,0.42,0.43,0.43,0.44,0.45,0.43,0.45,0.44,0.45]
Total cost: 431872.0
assigning lease 1 to address 00000890
Average Cache Occupancy Per Bin: [0.43,0.42,0.42,0.42,0.43,0.44,0.44,0.44,0.43,0.43,0.44,0.42,0.43,0.43,0.44,0.45,0.43,0.45,0.44,0.45]
Total cost: 433408.0
assigning lease 1 to address 00000918
Average Cache Occupancy Per Bin: [0.47,0.47,0.47,0.47,0.48,0.49,0.48,0.49,0.48,0.49,0.48,0.47,0.48,0.48,0.49,0.50,0.48,0.50,0.49,0.49]
Total cost: 479744.0
assigning lease 1 to address 00000724
Average Cache Occupancy Per Bin: [0.48,0.47,0.47,0.48,0.48,0.49,0.48,0.49,0.48,0.49,0.48,0.47,0.48,0.48,0.50,0.50,0.48,0.50,0.49,0.49]
Total cost: 482560.0
assigning lease 1 to address 00000964
Average Cache Occupancy Per Bin: [0.48,0.48,0.48,0.48,0.48,0.49,0.48,0.49,0.48,0.49,0.48,0.47,0.48,0.48,0.50,0.50,0.48,0.50,0.49,0.49]
Total cost: 485632.0
assigning lease 1 to address 00000888
Average Cache Occupancy Per Bin: [0.48,0.48,0.48,0.48,0.48,0.49,0.48,0.49,0.48,0.49,0.48,0.47,0.48,0.48,0.50,0.50,0.48,0.50,0.49,0.49]
Total cost: 487424.0
assigning lease 1 to address 00000948
Average Cache Occupancy Per Bin: [0.52,0.53,0.53,0.53,0.53,0.53,0.53,0.54,0.53,0.53,0.54,0.52,0.53,0.53,0.54,0.54,0.53,0.55,0.54,0.54]
Total cost: 526080.0
assigning lease 1 to address 0000079c
Average Cache Occupancy Per Bin: [0.52,0.53,0.53,0.53,0.53,0.54,0.53,0.54,0.53,0.53,0.54,0.52,0.53,0.53,0.54,0.54,0.53,0.55,0.54,0.54]
Total cost: 528384.0
assigning lease 1 to address 000007b0
Average Cache Occupancy Per Bin: [0.52,0.53,0.53,0.53,0.54,0.54,0.54,0.54,0.54,0.53,0.54,0.52,0.53,0.53,0.54,0.55,0.53,0.55,0.54,0.54]
Total cost: 530176.0
assigning lease 1 to address 000008f0
Average Cache Occupancy Per Bin: [0.56,0.59,0.58,0.58,0.58,0.59,0.59,0.59,0.58,0.58,0.59,0.57,0.58,0.57,0.60,0.60,0.58,0.60,0.58,0.59]
Total cost: 569856.0
assigning lease 1 to address 000007d4
Average Cache Occupancy Per Bin: [0.57,0.59,0.58,0.58,0.58,0.59,0.59,0.59,0.58,0.58,0.59,0.57,0.58,0.58,0.60,0.60,0.58,0.60,0.58,0.59]
Total cost: 571648.0
assigning lease 1 to address 000006cc
Average Cache Occupancy Per Bin: [0.57,0.59,0.58,0.58,0.58,0.59,0.59,0.59,0.58,0.58,0.59,0.57,0.58,0.58,0.60,0.60,0.58,0.60,0.58,0.59]
Total cost: 574464.0
assigning lease 1 to address 0000061c
Average Cache Occupancy Per Bin: [0.57,0.59,0.58,0.58,0.58,0.59,0.59,0.59,0.59,0.58,0.59,0.57,0.58,0.58,0.60,0.60,0.58,0.60,0.58,0.59]
Total cost: 576512.0
assigning lease 1 to address 00000780
Average Cache Occupancy Per Bin: [0.57,0.59,0.58,0.58,0.58,0.59,0.59,0.59,0.59,0.58,0.59,0.57,0.58,0.58,0.60,0.60,0.58,0.60,0.58,0.59]
Total cost: 577536.0
assigning lease 1 to address 0000074c
Average Cache Occupancy Per Bin: [0.57,0.59,0.58,0.58,0.58,0.59,0.59,0.59,0.59,0.59,0.59,0.57,0.58,0.58,0.60,0.60,0.58,0.60,0.58,0.59]
Total cost: 579328.0
assigning lease 1 to address 000006b4
Average Cache Occupancy Per Bin: [0.58,0.59,0.59,0.58,0.58,0.59,0.59,0.59,0.59,0.59,0.59,0.57,0.58,0.58,0.60,0.60,0.58,0.60,0.58,0.59]
Total cost: 582656.0
assigning lease 1 to address 0000095c
Average Cache Occupancy Per Bin: [0.58,0.59,0.59,0.58,0.58,0.59,0.59,0.59,0.59,0.59,0.59,0.57,0.59,0.58,0.60,0.60,0.58,0.60,0.58,0.59]
Total cost: 584704.0
assigning lease 1 to address 000006f4
Average Cache Occupancy Per Bin: [0.58,0.60,0.59,0.58,0.58,0.60,0.59,0.59,0.59,0.59,0.59,0.57,0.59,0.58,0.60,0.60,0.58,0.60,0.59,0.60]
Total cost: 585728.0
assigning lease 1 to address 00000700
Average Cache Occupancy Per Bin: [0.58,0.60,0.59,0.58,0.58,0.60,0.60,0.59,0.59,0.59,0.59,0.57,0.59,0.58,0.60,0.60,0.58,0.60,0.59,0.60]
Total cost: 588032.0
assigning lease 1 to address 0000073c
Average Cache Occupancy Per Bin: [0.58,0.60,0.59,0.58,0.58,0.60,0.60,0.59,0.59,0.59,0.59,0.57,0.59,0.58,0.60,0.60,0.58,0.60,0.59,0.60]
Total cost: 589824.0
assigning lease 1 to address 00000734
Average Cache Occupancy Per Bin: [0.58,0.60,0.59,0.59,0.59,0.60,0.60,0.60,0.59,0.59,0.59,0.58,0.59,0.58,0.60,0.60,0.58,0.60,0.59,0.60]
Total cost: 591360.0
assigning lease 1 to address 0000064c
Average Cache Occupancy Per Bin: [0.59,0.60,0.59,0.59,0.59,0.60,0.60,0.60,0.59,0.59,0.60,0.58,0.59,0.58,0.61,0.60,0.58,0.60,0.59,0.60]
Total cost: 592896.0
assigning lease 1 to address 000006dc
Average Cache Occupancy Per Bin: [0.59,0.60,0.59,0.59,0.59,0.60,0.60,0.60,0.59,0.59,0.60,0.58,0.59,0.58,0.61,0.60,0.58,0.60,0.59,0.60]
Total cost: 594688.0
assigning lease 1 to address 000007e0
Average Cache Occupancy Per Bin: [0.59,0.60,0.59,0.59,0.59,0.60,0.60,0.60,0.59,0.59,0.60,0.58,0.59,0.58,0.61,0.60,0.58,0.61,0.59,0.60]
Total cost: 595456.0
assigning lease 1 to address 00000864
Average Cache Occupancy Per Bin: [0.59,0.60,0.59,0.59,0.59,0.60,0.60,0.60,0.59,0.59,0.60,0.58,0.59,0.58,0.61,0.60,0.58,0.61,0.59,0.60]
Total cost: 595456.0
assigning lease 1 to address 0000096c
Average Cache Occupancy Per Bin: [0.59,0.60,0.59,0.59,0.59,0.60,0.60,0.60,0.59,0.59,0.60,0.58,0.59,0.58,0.61,0.60,0.58,0.61,0.59,0.60]
Total cost: 595456.0
assigning lease 2 to address 000007a0
Average Cache Occupancy Per Bin: [0.59,0.60,0.60,0.59,0.59,0.60,0.60,0.60,0.59,0.59,0.60,0.58,0.59,0.58,0.61,0.60,0.58,0.61,0.59,0.60]
Total cost: 600064.0
assigning lease 2 to address 000008d0
Average Cache Occupancy Per Bin: [0.67,0.70,0.68,0.69,0.68,0.69,0.70,0.70,0.70,0.68,0.69,0.67,0.67,0.69,0.70,0.71,0.67,0.71,0.69,0.70]
Total cost: 678400.0
assigning lease 2 to address 0000092c
Average Cache Occupancy Per Bin: [0.77,0.80,0.78,0.79,0.78,0.77,0.80,0.79,0.79,0.78,0.77,0.76,0.77,0.77,0.79,0.80,0.77,0.79,0.78,0.80]
Total cost: 773632.0
assigning lease 2 to address 000008ac
Average Cache Occupancy Per Bin: [0.85,0.88,0.87,0.88,0.87,0.86,0.88,0.87,0.89,0.89,0.87,0.86,0.88,0.86,0.88,0.88,0.88,0.89,0.87,0.89]
Total cost: 853504.0
assigning lease 2 to address 000006bc
Average Cache Occupancy Per Bin: [0.85,0.89,0.88,0.88,0.87,0.86,0.88,0.88,0.89,0.89,0.87,0.86,0.88,0.86,0.88,0.88,0.88,0.89,0.88,0.89]
Total cost: 857088.0
assigning lease 2 to address 000006e4
Average Cache Occupancy Per Bin: [0.85,0.89,0.88,0.88,0.87,0.86,0.88,0.88,0.90,0.89,0.87,0.86,0.88,0.86,0.88,0.88,0.88,0.89,0.88,0.89]
Total cost: 861184.0
assigning lease 2 to address 00000688
Average Cache Occupancy Per Bin: [0.86,0.90,0.88,0.88,0.87,0.87,0.88,0.88,0.90,0.89,0.87,0.86,0.88,0.86,0.89,0.89,0.88,0.89,0.88,0.90]
Total cost: 864256.0
assigning lease 2 to address 000008f8
Average Cache Occupancy Per Bin: [0.94,0.99,0.98,0.97,0.97,0.96,0.99,0.97,0.99,0.97,0.96,0.97,0.99,0.97,0.98,0.98,0.99,0.98,0.98,0.99]
Total cost: 948224.0
assigning lease 2 to address 00000630
Average Cache Occupancy Per Bin: [0.94,0.99,0.98,0.97,0.97,0.96,0.99,0.97,0.99,0.97,0.96,0.97,0.99,0.97,0.99,0.98,0.99,0.98,0.98,0.99]
Total cost: 950784.0
assigning lease 2 to address 00000654
Average Cache Occupancy Per Bin: [0.95,1.00,0.98,0.97,0.97,0.96,0.99,0.98,0.99,0.98,0.96,0.97,0.99,0.98,0.99,0.98,0.99,0.98,0.98,0.99]
Total cost: 956416.0
assigning lease 2 to address 00000760
Average Cache Occupancy Per Bin: [0.95,1.00,0.99,0.98,0.97,0.96,0.99,0.98,0.99,0.98,0.96,0.97,0.99,0.98,0.99,0.98,1.00,0.98,0.99,0.99]
Total cost: 960512.0
assigning lease 2 to address 00000788
Average Cache Occupancy Per Bin: [0.96,1.00,0.99,0.98,0.97,0.97,1.00,0.98,1.00,0.98,0.96,0.97,0.99,0.98,0.99,0.98,1.00,0.98,0.99,0.99]
Total cost: 964096.0
assigning lease 2 to address 00000714
Average Cache Occupancy Per Bin: [0.96,1.01,0.99,0.98,0.98,0.97,1.00,0.98,1.00,0.98,0.97,0.98,0.99,0.98,0.99,0.98,1.00,0.98,0.99,0.99]
Total cost: 969728.0
assigning lease 2 to address 000007f4
Average Cache Occupancy Per Bin: [0.97,1.01,0.99,0.98,0.98,0.97,1.00,0.98,1.00,0.98,0.97,0.98,1.00,0.98,0.99,0.98,1.00,0.98,0.99,0.99]
Total cost: 973312.0
assigning lease 2 to address 000007b4
Average Cache Occupancy Per Bin: [0.97,1.01,0.99,0.99,0.98,0.97,1.00,0.98,1.00,0.98,0.97,0.98,1.00,0.98,0.99,0.98,1.00,0.99,0.99,0.99]
Total cost: 973312.0
assigning lease 2 to address 0000081c
Average Cache Occupancy Per Bin: [0.97,1.01,0.99,0.99,0.98,0.97,1.00,0.98,1.00,0.98,0.97,0.98,1.00,0.98,0.99,0.98,1.00,0.99,0.99,0.99]
Total cost: 973312.0
assigning lease 8 to address 0000063c
Average Cache Occupancy Per Bin: [0.97,1.01,1.00,0.99,0.98,0.98,1.01,0.98,1.00,0.99,0.97,0.98,1.00,0.98,0.99,0.99,1.00,0.99,0.99,0.99]
Total cost: 981504.0
assigning lease 4 to address 00000664
Average Cache Occupancy Per Bin: [0.98,1.01,1.00,0.99,0.98,0.98,1.01,0.99,1.01,0.99,0.97,0.98,1.00,0.98,1.00,0.99,1.01,0.99,0.99,1.00]
Total cost: 990720.0
assigning lease 6 to address 00000694
Average Cache Occupancy Per Bin: [1.00,1.02,1.01,0.99,0.99,0.99,1.01,0.99,1.01,1.00,0.98,0.99,1.01,0.99,1.00,0.99,1.01,0.99,0.99,1.00]
Total cost: 1010688.0
assigning lease 8 to address 00000800
Average Cache Occupancy Per Bin: [1.03,1.04,1.02,1.00,1.00,1.00,1.01,0.99,1.02,1.00,0.98,0.99,1.01,1.00,1.01,0.99,1.01,0.99,1.00,1.01]
Total cost: 1037312.0
assigning lease 8 to address 000006c8
Average Cache Occupancy Per Bin: [1.04,1.05,1.02,1.01,1.00,1.01,1.02,1.00,1.02,1.00,0.99,0.99,1.02,1.00,1.01,1.00,1.02,1.00,1.00,1.02]
Total cost: 1047552.0
assigning lease 17 to address 00000938
Average Cache Occupancy Per Bin: [1.44,1.39,1.44,1.41,1.42,1.41,1.40,1.40,1.36,1.39,1.37,1.42,1.45,1.42,1.38,1.42,1.35,1.44,1.38,1.39]
Total cost: 1446912.0
assigning lease 3 to address 000007a8
Average Cache Occupancy Per Bin: [1.45,1.39,1.44,1.41,1.43,1.41,1.40,1.40,1.36,1.39,1.38,1.42,1.45,1.42,1.38,1.42,1.35,1.44,1.38,1.39]
Total cost: 1453824.0
assigning lease 9 to address 00000720
Average Cache Occupancy Per Bin: [1.47,1.41,1.45,1.41,1.43,1.42,1.40,1.41,1.37,1.40,1.38,1.43,1.45,1.43,1.39,1.43,1.35,1.45,1.39,1.40]
Total cost: 1474560.0
assigning lease 12 to address 000008b8
Average Cache Occupancy Per Bin: [1.90,1.83,1.92,1.95,1.97,1.87,1.89,1.97,1.91,1.95,1.94,2.00,1.99,2.04,1.93,1.95,1.90,1.93,1.93,1.84]
Total cost: 1909760.0
assigning lease 13 to address 00000884
Average Cache Occupancy Per Bin: [1.91,1.83,1.92,1.95,1.97,1.87,1.89,1.97,1.91,1.95,1.94,2.00,1.99,2.04,1.93,1.95,1.90,1.93,1.93,1.84]
Total cost: 1916416.0
assigning lease 14 to address 0000076c
Average Cache Occupancy Per Bin: [1.95,1.85,1.92,1.97,1.98,1.88,1.90,1.98,1.92,1.95,1.95,2.02,1.99,2.05,1.94,1.95,1.91,1.93,1.94,1.87]
Total cost: 1955840.0
assigning lease 17 to address 000006f0
Average Cache Occupancy Per Bin: [1.98,1.86,1.93,1.98,1.99,1.89,1.92,2.00,1.92,1.98,1.97,2.03,2.00,2.05,1.95,1.97,1.91,1.94,1.95,1.87]
Total cost: 1995008.0
assigning lease 20 to address 000008dc
Average Cache Occupancy Per Bin: [2.72,2.54,2.75,2.84,2.93,2.79,2.77,2.88,2.74,2.96,2.89,2.98,2.97,2.88,2.82,2.88,2.84,2.83,2.99,2.80]
Total cost: 2732288.0
assigning lease 1578 to address 000006f0
Average Cache Occupancy Per Bin: [3.04,2.54,2.75,2.84,2.93,2.79,2.77,3.28,2.74,2.96,3.29,2.98,3.05,2.88,2.82,2.88,2.84,2.83,2.99,2.80]
Total cost: 3055360.0
assigning lease 1553 to address 00000664
Average Cache Occupancy Per Bin: [3.04,2.54,2.88,2.84,2.93,2.79,2.77,3.28,3.07,2.96,3.29,3.34,3.05,3.06,2.82,2.88,2.84,2.88,3.38,3.05]
Total cost: 3055360.0
assigning lease 2478 to address 00000798
Average Cache Occupancy Per Bin: [3.22,4.15,3.59,4.09,3.14,5.51,4.89,4.46,3.42,5.74,3.88,5.14,3.09,4.56,3.29,4.87,3.22,3.79,4.73,3.05]
Total cost: 3230208.0
assigning lease 3498 to address 000007bc
Average Cache Occupancy Per Bin: [3.90,4.80,4.89,4.76,4.91,6.76,5.38,6.13,5.02,7.17,5.20,5.53,4.02,5.03,3.29,5.95,3.22,5.13,6.26,4.59]
Total cost: 3918336.0
assigning lease 3158 to address 000007a8
Average Cache Occupancy Per Bin: [3.90,5.63,5.62,4.76,4.91,6.82,5.95,7.28,6.55,7.42,5.74,6.68,4.62,6.06,5.88,6.80,4.39,5.78,6.26,4.59]
Total cost: 3918336.0
assigning lease 3158 to address 000008dc
Average Cache Occupancy Per Bin: [4.76,7.00,7.89,8.12,8.32,10.7,9.51,11.7,12.4,14.8,11.8,13.2,10.7,10.3,12.1,14.4,8.71,12.5,13.4,10.0]
Total cost: 4778496.0
addr: 00000904 ri: 3498
bin target: 128331392
	bin: 16.0 current capacity: 8.713440901506  avg impact: 120.90247150128317
	bin: 17.0 current capacity: 12.550163626371324  avg impact: 119.20957441184773
	bin: 18.0 current capacity: 13.415507251725284  avg impact: 124.4833446207768
	bin: 19.0 current capacity: 10.066992556271812  avg impact: 126.45200775193025
num_full_bins: 0
printing bin ranks sorted:
	bin: 18.0 rank: 0.920480511648705
	selecting this^ bin
	bin: 19.0 rank: 0.9326305650684932
	bin: 17.0 rank: 0.9684611067796465
	bin: 16.0 rank: 0.9866345792379271
acceptable_ratio: 0.920480511648705
Assigning 00000904 dual lease lease 3498 * 0.920480511648705. Bin saturation: [40.3,65.3,59.1,86.2,83.0,88.7,94.3,95.2,103.,107.,108.,111.,93.4,100.,112.,115.,120.,122.,128.,126.]
addr: 00000904 ri: 3578
bin target: 128331392
	bin: 1.0 current capacity: 65.38727256314804  avg impact: 63.77038646943065
	bin: 3.0 current capacity: 86.25238015649991  avg impact: 85.26941348847834
	bin: 4.0 current capacity: 83.02969744214846  avg impact: 81.5108244754331
	bin: 5.0 current capacity: 88.72676658064589  avg impact: 85.05646082292944
	bin: 6.0 current capacity: 94.33965757383807  avg impact: 92.63900561446415
	bin: 7.0 current capacity: 95.28821603426479  avg impact: 90.97930258560586
	bin: 8.0 current capacity: 103.43546914308476  avg impact: 99.2042801187725
	bin: 9.0 current capacity: 107.08571259944372  avg impact: 100.5422560989598
	bin: 10.0 current capacity: 108.54557124913521  avg impact: 105.35743759406895
	bin: 11.0 current capacity: 111.95220118075645  avg impact: 107.48236814886259
	bin: 12.0 current capacity: 93.42878453597788  avg impact: 90.03914465448953
	bin: 13.0 current capacity: 100.4567652989671  avg impact: 98.22479999281859
	bin: 14.0 current capacity: 112.80012763015316  avg impact: 109.60321328081596
	bin: 15.0 current capacity: 115.08415157387732  avg impact: 109.6374286971032
	bin: 16.0 current capacity: 120.00180972860012  avg impact: 121.31101378530984
	bin: 17.0 current capacity: 122.2802536744133  avg impact: 119.51598112486772
	bin: 18.0 current capacity: 128.0  avg impact: 124.6671886485888
	bin: 19.0 current capacity: 126.46360135077458  avg impact: 126.81458902900391
num_full_bins: 1
printing bin ranks sorted:
	bin: 18.0 rank: 0.0
	bin: 19.0 rank: 0.012115314657322487
	bin: 17.0 rank: 0.04785758583708426
	bin: 16.0 rank: 0.06593127880008216
	bin: 15.0 rank: 0.11780510159359414
	bin: 14.0 rank: 0.1386809009960596
	bin: 11.0 rank: 0.14930633829185289
	bin: 10.0 rank: 0.18465168852929625
	bin: 9.0 rank: 0.2080149005207439
	bin: 8.0 rank: 0.24761563540913065
	bin: 13.0 rank: 0.28041018870027373
	bin: 7.0 rank: 0.3595519314401806
	bin: 6.0 rank: 0.3633495653682447
	bin: 12.0 rank: 0.38395761750829044
	bin: 5.0 rank: 0.4617313375066609
	bin: 3.0 rank: 0.48959665764724714
	bin: 4.0 rank: 0.5517095778046672
	bin: 1.0 rank: 0.981846447909899
acceptable_ratio: 0
assigning lease 119806 to address 000008dc
Average Cache Occupancy Per Bin: [40.3,65.3,59.1,86.2,83.0,88.7,94.3,125.,103.,107.,108.,111.,93.4,100.,112.,115.,120.,122.,128.,126.]
Total cost: 40431047.91857598
addr: 00000904 ri: 318115
bin target: 128331392
	bin: 0.0 current capacity: 40.32664224181193  avg impact: 96.75889920994545
	bin: 1.0 current capacity: 65.38727256314804  avg impact: 241.90733391250055
	bin: 2.0 current capacity: 59.1540745124083  avg impact: 238.19879132924856
	bin: 3.0 current capacity: 86.25238015649991  avg impact: 485.5216085554499
	bin: 4.0 current capacity: 83.02969744214846  avg impact: 529.0094026565223
	bin: 5.0 current capacity: 88.72676658064589  avg impact: 585.7334560822031
	bin: 6.0 current capacity: 94.33965757383807  avg impact: 903.7471107303192
	bin: 7.0 current capacity: 125.07299125122807  avg impact: 573.3163240370681
	bin: 8.0 current capacity: 103.43546914308476  avg impact: 742.7237442261984
	bin: 9.0 current capacity: 107.08571259944372  avg impact: 861.3059508931377
	bin: 10.0 current capacity: 108.54557124913521  avg impact: 767.6300138940284
	bin: 11.0 current capacity: 111.95220118075645  avg impact: 890.7817660078058
	bin: 12.0 current capacity: 93.42878453597788  avg impact: 763.278272552362
	bin: 13.0 current capacity: 100.4567652989671  avg impact: 890.5889851175307
	bin: 14.0 current capacity: 112.80012763015316  avg impact: 873.5096195948689
	bin: 15.0 current capacity: 115.08415157387732  avg impact: 1062.7882811401282
	bin: 16.0 current capacity: 120.00180972860012  avg impact: 1437.141448789085
	bin: 17.0 current capacity: 122.2802536744133  avg impact: 1139.0273781180524
	bin: 18.0 current capacity: 128.0  avg impact: 757.9861179406516
	bin: 19.0 current capacity: 126.46360135077458  avg impact: 1103.7334102009897
num_full_bins: 1
printing bin ranks sorted:
	bin: 18.0 rank: 0.0
	bin: 19.0 rank: 0.0013920015784841021
	bin: 17.0 rank: 0.005021605657132753
	bin: 7.0 rank: 0.005105399281431727
	bin: 16.0 rank: 0.005565346596981831
	bin: 15.0 rank: 0.012152795298294907
	bin: 14.0 rank: 0.017400921556990405
	bin: 11.0 rank: 0.018015410094398953
	bin: 9.0 rank: 0.024282065366980285
	bin: 10.0 rank: 0.025343496735069665
	bin: 13.0 rank: 0.03092698782637429
	bin: 8.0 rank: 0.03307357688221968
	bin: 6.0 rank: 0.037245311245267455
	bin: 12.0 rank: 0.04529306899883029
	bin: 5.0 rank: 0.06704966740681177
	bin: 4.0 rank: 0.0850085127637137
	bin: 3.0 rank: 0.08598509130769659
	bin: 1.0 rank: 0.2588293890233993
	bin: 2.0 rank: 0.28902718231021546
	bin: 0.0 rank: 0.9061012317632536
acceptable_ratio: 0
Final saturation:
	0.0,40431047.91857598
	1.0,65556560.21181403
	2.0,59307224.411320925
	3.0,86475687.5687251
	4.0,83244661.32882619
	5.0,88956480.17932318
	6.0,94583902.94729674
	7.0,125396805.2255775
	8.0,103703263.57269621
	9.0,107362957.50936368
	10.0,108826595.73309922
	11.0,112242045.42961343
	12.0,93670671.65914153
	13.0,100716847.86432612
	14.0,113092167.16058762
	15.0,115382104.4423021
	16.0,120312494.41398747
	17.0,122596837.25117636
	18.0,128331392.0
	19.0,126791015.61467174
Dump single leases (last one may be dual)
00000904 daa percentage 0.920480511648705
00000904 0 percentage 0.07951948835129496
00000978 1
0000072c 1
00000944 1
00000640 1
000007a0 2
00000960 1
0000094c 1
000008b8 c
000008d0 2
00000758 1
000008c8 1
0000092c 2
000006a0 1
00000664 611
00000698 1
000008a4 1
000006a8 1
00000744 1
000008e0 1
000008bc 1
00000938 11
0000063c 8
000008dc 1d3fe
0000090c 1
00000898 1
0000060c 1
000008ac 2
00000668 1
00000954 1
000006bc 2
00000614 1
00000674 1
00000628 1
000006e4 2
00000770 1
00000688 2
00000798 9ae
0000093c 1
00000890 1
00000918 1
00000724 1
00000964 1
00000888 1
00000948 1
000008f8 2
0000079c 1
0000076c e
000007b0 1
000008f0 1
000007d4 1
00000630 2
000006cc 1
00000654 2
00000694 6
00000800 8
0000061c 1
00000780 1
0000074c 1
000006b4 1
0000095c 1
000006f4 1
00000760 2
00000788 2
00000700 1
000007a8 c56
000007bc daa
000006f0 62a
0000073c 1
00000734 1
00000714 2
00000720 9
00000884 d
0000064c 1
000007f4 2
000006dc 1
000006c8 8
000007e0 1
000007b4 2
00000864 1
0000081c 2
0000096c 1
Dump dual leases

