sample rate: 0.00390625
00000978,
	[1,1]

0000072c,
	[1,72]

00000944,
	[1,3779]

00000640,
	[1,61]

000007a0,
	[2,61]

00000960,
	[1,60]

0000094c,
	[1,3670]

000008b8,
	[4,450]
	[12,3230]

000008d0,
	[2,3688]

00000758,
	[1,64]

000008c8,
	[1,3779]

0000092c,
	[2,3618]

000006a0,
	[1,62]

00000664,
	[4,57]
	[513,1]
	[1273,1]
	[1413,1]
	[713,1]
	[193,1]
	[1553,1]
	[993,1]

00000698,
	[1,60]

000008a4,
	[1,3629]

000006a8,
	[1,59]

00000744,
	[1,65]

000008e0,
	[1,3671]

000008bc,
	[1,3692]

00000938,
	[8,3738]
	[17,8]
	[13,57]

0000063c,
	[4,46]
	[8,2]

000008dc,
	[8,452]
	[20,3047]
	[278,4]
	[318,1]
	[118,2]
	[438,1]
	[258,1]
	[138,2]
	[98,2]
	[638,1]
	[998,2]
	[158,2]
	[858,1]
	[578,1]
	[1058,1]
	[1138,2]
	[398,2]
	[1318,3]
	[838,1]
	[1458,1]
	[978,2]
	[878,2]
	[238,1]
	[1118,2]
	[1278,3]
	[958,3]
	[758,6]
	[1538,5]
	[778,4]
	[1838,3]
	[1338,4]
	[1038,2]
	[1238,4]
	[1298,1]
	[1478,2]
	[1418,4]
	[1798,2]
	[1718,4]
	[1498,1]
	[1818,2]
	[1938,4]
	[1258,2]
	[1558,3]
	[618,2]
	[1578,1]
	[498,3]
	[678,4]
	[2038,4]
	[2118,4]
	[2078,3]
	[418,1]
	[1218,3]
	[2178,4]
	[1918,3]
	[1438,3]
	[818,1]
	[1878,2]
	[119806,1]
	[2138,3]
	[2198,5]
	[1358,2]
	[898,1]
	[1598,2]
	[558,1]
	[2218,3]
	[1898,1]
	[1858,4]
	[2018,2]
	[2478,2]
	[2278,5]
	[2318,1]
	[2738,3]
	[2378,2]
	[2238,1]
	[1698,3]
	[2438,4]
	[2298,3]
	[1758,2]
	[2638,3]
	[2358,1]
	[1018,2]
	[2458,2]
	[2558,2]
	[2718,2]
	[2598,4]
	[518,1]
	[2658,1]
	[1978,1]
	[1178,1]
	[1618,2]
	[598,1]
	[2878,2]
	[2818,1]
	[1638,1]
	[1958,1]
	[698,1]
	[2578,1]
	[2958,2]
	[938,2]
	[2518,1]
	[1158,1]
	[1198,2]
	[2158,1]
	[3158,1]
	[918,1]
	[2698,1]
	[2978,2]
	[2618,1]
	[3098,1]
	[1098,1]
	[2498,1]
	[2918,1]
	[2418,1]
	[1518,1]
	[1738,1]
	[738,1]
	[2538,1]
	[2858,1]
	[538,1]

0000090c,
	[1,3734]

00000898,
	[1,3813]

0000060c,
	[1,2]

000008ac,
	[2,3661]

00000668,
	[1,70]

00000954,
	[1,76]

000006bc,
	[2,67]

00000614,
	[1,63]

00000904,
	[258,7]
	[338,12]
	[158,4]
	[438,16]
	[398,14]
	[5479,1]
	[358,7]
	[478,15]
	[498,14]
	[3159,1]
	[518,11]
	[318,9]
	[418,11]
	[458,13]
	[298,7]
	[598,16]
	[638,21]
	[178,5]
	[658,18]
	[238,7]
	[11959,1]
	[578,23]
	[378,9]
	[218,5]
	[758,17]
	[78,1]
	[11111,1]
	[10605,1]
	[558,12]
	[738,20]
	[898,22]
	[818,27]
	[12077,1]
	[838,17]
	[858,17]
	[278,9]
	[538,16]
	[938,18]
	[978,26]
	[678,18]
	[798,24]
	[998,20]
	[958,21]
	[1018,31]
	[1038,29]
	[1058,29]
	[29557,1]
	[1078,26]
	[918,26]
	[26931,1]
	[778,18]
	[718,24]
	[878,13]
	[22631,1]
	[1118,26]
	[1138,23]
	[198,2]
	[35373,1]
	[36445,1]
	[1198,25]
	[1178,27]
	[34381,1]
	[1238,27]
	[698,11]
	[33071,1]
	[1278,19]
	[1298,24]
	[1158,30]
	[36565,1]
	[40219,1]
	[618,9]
	[34359,1]
	[37111,1]
	[42935,1]
	[1318,25]
	[1098,27]
	[1218,24]
	[1358,24]
	[34295,1]
	[1338,27]
	[1378,22]
	[47653,1]
	[41031,1]
	[48167,1]
	[49565,1]
	[40359,1]
	[1458,32]
	[1398,31]
	[1418,35]
	[45783,1]
	[1258,26]
	[1478,22]
	[1498,34]
	[1538,29]
	[45077,1]
	[1438,33]
	[44333,1]
	[1518,23]
	[1598,26]
	[118,1]
	[59349,1]
	[47029,1]
	[64645,1]
	[1558,27]
	[1658,21]
	[64365,1]
	[1618,31]
	[1638,30]
	[63127,1]
	[75655,1]
	[58599,1]
	[1718,27]
	[1578,23]
	[1738,29]
	[78543,1]
	[76135,1]
	[62695,1]
	[57095,1]
	[1758,30]
	[73173,1]
	[1778,40]
	[1818,25]
	[1698,31]
	[73367,1]
	[138,2]
	[70485,1]
	[1858,23]
	[1878,35]
	[1898,20]
	[71501,1]
	[68141,1]
	[1678,27]
	[1798,32]
	[90097,1]
	[1918,26]
	[89397,1]
	[79317,1]
	[72597,1]
	[1938,27]
	[82135,1]
	[1958,29]
	[1978,37]
	[87213,1]
	[78253,1]
	[86711,1]
	[91095,1]
	[1998,22]
	[92949,1]
	[2038,43]
	[93607,1]
	[89127,1]
	[88199,1]
	[1838,26]
	[102823,1]
	[2058,35]
	[96525,1]
	[86445,1]
	[89383,1]
	[110107,1]
	[101301,1]
	[107899,1]
	[2018,20]
	[2078,31]
	[113173,1]
	[102903,1]
	[2098,26]
	[2118,37]
	[101677,1]
	[115293,1]
	[117469,1]
	[106935,1]
	[94615,1]
	[2158,42]
	[101013,1]
	[94293,1]
	[2138,31]
	[98471,1]
	[111175,1]
	[109389,1]
	[108269,1]
	[119411,1]
	[2198,37]
	[126805,1]
	[111125,1]
	[110005,1]
	[2218,27]
	[2258,29]
	[114061,1]
	[121965,1]
	[2238,29]
	[130877,1]
	[126199,1]
	[120599,1]
	[107159,1]
	[2338,41]
	[117077,1]
	[114837,1]
	[115531,1]
	[2318,38]
	[111335,1]
	[2298,27]
	[132445,1]
	[124653,1]
	[120173,1]
	[116813,1]
	[2278,17]
	[140189,1]
	[132391,1]
	[130151,1]
	[129031,1]
	[122311,1]
	[2178,26]
	[2358,26]
	[2378,16]
	[147343,1]
	[135573,1]
	[140087,1]
	[135607,1]
	[123287,1]
	[2398,31]
	[2438,22]
	[153645,1]
	[143405,1]
	[126605,1]
	[122125,1]
	[2458,27]
	[134423,1]
	[129943,1]
	[2478,29]
	[150101,1]
	[146741,1]
	[133301,1]
	[131061,1]
	[147445,1]
	[128821,1]
	[126581,1]
	[152299,1]
	[2498,31]
	[2518,22]
	[158695,1]
	[132237,1]
	[140349,1]
	[2418,21]
	[2558,29]
	[163825,1]
	[142375,1]
	[137895,1]
	[135655,1]
	[2578,18]
	[164869,1]
	[2538,30]
	[2598,22]
	[163831,1]
	[141431,1]
	[2618,21]
	[159469,1]
	[144909,1]
	[149981,1]
	[155127,2]
	[146167,1]
	[2638,19]
	[168725,1]
	[146325,1]
	[154917,1]
	[175301,1]
	[2678,18]
	[157703,1]
	[157415,1]
	[2658,20]
	[173581,1]
	[159021,1]
	[161479,1]
	[156999,1]
	[172743,1]
	[2698,20]
	[170677,1]
	[166197,1]
	[178775,1]
	[174295,1]
	[165335,1]
	[2718,16]
	[2778,25]
	[170093,1]
	[2758,19]
	[183831,1]
	[174871,1]
	[171511,1]
	[167031,3]
	[194327,1]
	[186389,1]
	[183029,1]
	[165109,1]
	[197125,1]
	[198783,1]
	[195687,1]
	[176505,1]
	[2838,20]
	[2858,21]
	[187085,1]
	[178125,1]
	[181659,1]
	[2878,19]
	[207079,1]
	[176263,1]
	[174023,1]
	[201301,1]
	[212517,1]
	[2738,21]
	[2818,20]
	[2918,15]
	[197239,1]
	[194999,1]
	[190519,1]
	[183799,1]
	[182679,1]
	[2798,17]
	[2898,25]
	[2938,13]
	[194317,1]
	[211575,1]
	[207095,1]
	[221329,1]
	[208119,1]
	[196373,1]
	[186293,2]
	[220229,1]
	[2978,15]
	[2998,20]
	[221641,1]
	[215815,1]
	[3018,17]
	[224269,1]
	[219789,1]
	[207469,1]
	[200749,1]
	[197389,2]
	[226205,1]
	[214727,1]
	[205767,1]
	[200167,1]
	[197927,1]
	[194567,1]
	[3058,20]
	[222005,1]
	[198485,1]
	[197365,1]
	[220309,1]
	[2958,10]
	[3038,15]
	[3078,19]
	[3098,21]
	[210861,1]
	[214493,1]
	[3118,11]
	[223799,1]
	[214839,1]
	[205879,1]
	[230037,1]
	[227797,1]
	[218837,1]
	[237415,1]
	[230695,1]
	[221735,1]
	[217255,1]
	[247751,1]
	[236973,1]
	[225773,1]
	[217933,1]
	[214573,1]
	[226365,1]
	[3158,7]
	[244391,1]
	[238791,1]
	[229831,1]
	[229383,2]
	[3138,14]
	[245109,1]
	[241749,1]
	[3198,10]
	[240247,3]
	[3258,13]
	[236525,1]
	[230925,1]
	[3278,8]
	[260823,1]
	[269345,1]
	[252983,1]
	[248503,2]
	[255255,1]
	[239543,1]
	[3218,9]
	[266999,1]
	[3298,10]
	[265749,1]
	[235861,1]
	[276423,1]
	[262439,1]
	[236679,1]
	[3318,8]
	[3338,7]
	[282173,1]
	[264397,2]
	[258797,1]
	[250957,1]
	[245357,1]
	[276893,1]
	[3358,11]
	[271975,1]
	[263015,1]
	[256295,1]
	[249575,2]
	[248455,1]
	[3178,8]
	[3378,9]
	[260533,1]
	[249333,1]
	[245973,1]
	[270357,1]
	[277111,1]
	[270391,1]
	[269271,1]
	[258071,1]
	[255831,1]
	[252471,1]
	[286967,2]
	[3418,6]
	[286989,1]
	[285869,1]
	[290989,1]
	[267949,1]
	[264589,1]
	[256749,1]
	[251149,1]
	[3238,10]
	[3398,4]
	[258807,1]
	[3458,7]
	[272085,1]
	[270965,1]
	[282571,1]
	[297221,1]
	[3438,5]
	[3478,3]
	[3498,7]
	[293853,1]
	[267341,1]
	[277053,1]
	[277319,1]
	[272839,1]
	[267239,1]
	[277073,1]
	[3538,2]
	[297301,1]
	[311173,1]
	[3518,1]
	[3558,2]
	[305175,1]
	[301815,1]
	[287255,1]
	[3578,2]
	[318115,1]
	[284973,3]
	[283853,1]
	[290525,1]
	[304237,1]
	[-191649,1]

00000674,
	[1,82]

00000628,
	[1,64]

000006e4,
	[2,66]

00000770,
	[1,65]

00000688,
	[2,67]

00000798,
	[141,1]
	[341,2]
	[201,2]
	[441,1]
	[1361,2]
	[241,1]
	[361,1]
	[901,2]
	[1501,1]
	[818,1]
	[701,1]
	[1541,1]
	[881,3]
	[381,1]
	[1401,1]
	[2061,2]
	[181,1]
	[821,1]
	[741,1]
	[1281,1]
	[1181,1]
	[1538,1]
	[1561,1]
	[1001,1]
	[1221,1]
	[761,1]
	[221,1]
	[1801,2]
	[1961,1]
	[1721,1]
	[261,1]
	[2341,2]
	[2221,2]
	[1141,1]
	[1261,1]
	[501,1]
	[2458,1]
	[1081,1]
	[1521,1]
	[1681,1]
	[2241,1]
	[101,1]
	[2101,1]
	[421,1]
	[2478,1]
	[161,2]
	[2081,1]
	[1881,1]
	[1901,1]
	[941,1]
	[1661,1]
	[281,1]
	[961,1]
	[2321,1]
	[638,1]
	[841,1]
	[621,1]
	[1941,2]
	[981,1]
	[1041,1]
	[2281,1]

0000093c,
	[1,3702]

00000890,
	[1,55]

00000918,
	[1,3764]

00000724,
	[1,76]

00000964,
	[1,56]

00000888,
	[1,70]

00000948,
	[1,3760]

000008f8,
	[2,3758]

0000079c,
	[1,66]

0000076c,
	[14,63]

000007b0,
	[1,70]

000008f0,
	[1,3737]

000007d4,
	[1,50]

00000630,
	[2,67]

000006cc,
	[1,63]

00000654,
	[2,58]

00000694,
	[6,68]

00000800,
	[8,70]

0000061c,
	[1,58]

00000780,
	[1,45]

0000074c,
	[1,55]

000006b4,
	[1,75]

0000095c,
	[1,50]

000006f4,
	[1,53]

00000760,
	[2,55]

00000788,
	[2,59]

00000700,
	[1,64]

000007a8,
	[3,19]
	[1118,2]
	[1418,2]
	[718,1]
	[1338,2]
	[1498,2]
	[258,2]
	[1558,1]
	[418,1]
	[2098,1]
	[938,1]
	[1878,1]
	[798,1]
	[2198,1]
	[958,1]
	[2138,1]
	[1398,1]
	[1518,2]
	[1578,1]
	[2378,1]
	[2958,1]
	[1098,1]
	[2638,1]
	[3018,1]
	[3158,1]
	[1258,1]
	[2078,1]
	[1658,1]
	[2578,1]

000007bc,
	[435,1]
	[395,1]
	[135,1]
	[95,1]
	[235,1]
	[615,1]
	[778,1]
	[898,1]
	[375,1]
	[175,1]
	[938,1]
	[155,1]
	[1598,2]
	[1018,1]
	[878,1]
	[215,2]
	[1418,1]
	[1858,1]
	[775,1]
	[495,1]
	[1538,1]
	[1658,1]
	[1938,1]
	[555,2]
	[735,1]
	[2218,1]
	[258,1]
	[578,1]
	[1818,1]
	[1918,2]
	[2258,1]
	[818,1]
	[1898,1]
	[1578,1]
	[2538,1]
	[1958,1]
	[1778,1]
	[2378,1]
	[1358,1]
	[1878,1]
	[2778,1]
	[75,1]
	[715,1]
	[738,1]
	[1758,1]
	[335,1]
	[1518,1]
	[1838,1]
	[2158,1]
	[855,1]
	[1218,1]
	[675,1]
	[2658,1]
	[3498,1]
	[2518,1]
	[2938,1]
	[3098,1]

000006f0,
	[17,54]
	[658,1]
	[638,1]
	[1578,2]
	[338,1]

0000073c,
	[1,72]

00000734,
	[1,58]

00000714,
	[2,69]

00000720,
	[9,66]

00000884,
	[13,2]

0000064c,
	[1,70]

000007f4,
	[2,63]

000006dc,
	[1,63]

000006c8,
	[8,45]

000007e0,
	[1,65]

000007b4,
	[2,55]

00000864,
	[1,1]

0000081c,
	[2,1]

0000096c,
	[1,1]

len(carl_order):
89
Printing carl assignment order:
00000978,1,1.0
0000072c,1,1.0
00000944,1,1.0
00000640,1,1.0
00000960,1,1.0
0000094c,1,1.0
00000758,1,1.0
000008c8,1,1.0
000006a0,1,1.0
00000698,1,1.0
000008a4,1,1.0
000006a8,1,1.0
00000744,1,1.0
000008e0,1,1.0
000008bc,1,1.0
0000090c,1,1.0
00000898,1,1.0
0000060c,1,1.0
00000668,1,1.0
00000954,1,1.0
00000614,1,1.0
00000674,1,1.0
00000628,1,1.0
00000770,1,1.0
0000093c,1,1.0
00000890,1,1.0
00000918,1,1.0
00000724,1,1.0
00000964,1,1.0
00000888,1,1.0
00000948,1,1.0
0000079c,1,1.0
000007b0,1,1.0
000008f0,1,1.0
000007d4,1,1.0
000006cc,1,1.0
0000061c,1,1.0
00000780,1,1.0
0000074c,1,1.0
000006b4,1,1.0
0000095c,1,1.0
000006f4,1,1.0
00000700,1,1.0
0000073c,1,1.0
00000734,1,1.0
0000064c,1,1.0
000006dc,1,1.0
000007e0,1,1.0
00000864,1,1.0
0000096c,1,1.0
000007a0,2,0.5
000008d0,2,0.5
0000092c,2,0.5
000008ac,2,0.5
000006bc,2,0.5
000006e4,2,0.5
00000688,2,0.5
000008f8,2,0.5
00000630,2,0.5
00000654,2,0.5
00000760,2,0.5
00000788,2,0.5
00000714,2,0.5
000007f4,2,0.5
000007b4,2,0.5
0000081c,2,0.5
0000063c,8,0.24
00000664,4,0.22265625
00000694,6,0.16666666666666666
00000800,8,0.125
000006c8,8,0.125
00000938,17,0.1235502420324226
000007a8,3,0.11949685534591195
00000720,9,0.1111111111111111
000008b8,12,0.09072978303747535
00000884,13,0.07692307692307693
0000076c,14,0.07142857142857142
000006f0,17,0.053838484546360914
000008dc,20,0.050435309040590404
000006f0,1578,0.0010626992561105207
00000664,1553,0.0010569228446323418
00000798,2478,0.0008420032757387714
000007bc,3498,0.0007741607970048861
000007a8,3158,0.0006332650400447011
000008dc,3158,0.0006301230315219047
00000904,3498,0.00047073633886996136
00000904,3578,0.00028340080971659917
000008dc,119806,8.572800219463686e-06
00000904,318115,5.933893605170157e-06
assigning lease 1 to address 00000978
Average Cache Occupancy Per Bin: [0.00,0.0,0.0,0.0,0.0,0.0,0.0,0.0,0.0,0.0]
Total cost: 256.0
assigning lease 1 to address 0000072c
Average Cache Occupancy Per Bin: [0.00,0.00,0.00,0.00,0.00,0.00,0.00,0.00,0.00,0.00]
Total cost: 3584.0
assigning lease 1 to address 00000944
Average Cache Occupancy Per Bin: [0.04,0.04,0.05,0.04,0.04,0.04,0.04,0.05,0.05,0.05]
Total cost: 93440.0
assigning lease 1 to address 00000640
Average Cache Occupancy Per Bin: [0.04,0.04,0.05,0.05,0.04,0.04,0.04,0.05,0.05,0.05]
Total cost: 97024.0
assigning lease 1 to address 00000960
Average Cache Occupancy Per Bin: [0.04,0.04,0.05,0.05,0.04,0.04,0.04,0.05,0.05,0.05]
Total cost: 100096.0
assigning lease 1 to address 0000094c
Average Cache Occupancy Per Bin: [0.09,0.08,0.10,0.09,0.09,0.09,0.09,0.09,0.10,0.10]
Total cost: 193024.0
assigning lease 1 to address 00000758
Average Cache Occupancy Per Bin: [0.09,0.09,0.10,0.09,0.09,0.09,0.09,0.09,0.10,0.10]
Total cost: 196352.0
assigning lease 1 to address 000008c8
Average Cache Occupancy Per Bin: [0.14,0.13,0.15,0.14,0.14,0.13,0.14,0.14,0.15,0.15]
Total cost: 288512.0
assigning lease 1 to address 000006a0
Average Cache Occupancy Per Bin: [0.14,0.13,0.15,0.14,0.14,0.13,0.14,0.14,0.15,0.15]
Total cost: 291328.0
assigning lease 1 to address 00000698
Average Cache Occupancy Per Bin: [0.14,0.14,0.15,0.14,0.14,0.14,0.14,0.14,0.15,0.15]
Total cost: 295424.0
assigning lease 1 to address 000008a4
Average Cache Occupancy Per Bin: [0.18,0.18,0.20,0.19,0.19,0.18,0.19,0.19,0.19,0.20]
Total cost: 380928.0
assigning lease 1 to address 000006a8
Average Cache Occupancy Per Bin: [0.19,0.18,0.20,0.19,0.19,0.18,0.19,0.19,0.19,0.20]
Total cost: 384000.0
assigning lease 1 to address 00000744
Average Cache Occupancy Per Bin: [0.19,0.18,0.20,0.19,0.19,0.18,0.19,0.19,0.19,0.20]
Total cost: 388096.0
assigning lease 1 to address 000008e0
Average Cache Occupancy Per Bin: [0.23,0.23,0.25,0.24,0.23,0.23,0.23,0.24,0.24,0.25]
Total cost: 480256.0
assigning lease 1 to address 000008bc
Average Cache Occupancy Per Bin: [0.28,0.28,0.29,0.29,0.28,0.28,0.28,0.29,0.29,0.30]
Total cost: 572160.0
assigning lease 1 to address 0000090c
Average Cache Occupancy Per Bin: [0.33,0.32,0.34,0.34,0.33,0.33,0.33,0.34,0.34,0.34]
Total cost: 667904.0
assigning lease 1 to address 00000898
Average Cache Occupancy Per Bin: [0.37,0.37,0.39,0.39,0.37,0.38,0.38,0.39,0.39,0.39]
Total cost: 754944.0
assigning lease 1 to address 0000060c
Average Cache Occupancy Per Bin: [0.37,0.37,0.39,0.39,0.37,0.38,0.38,0.39,0.39,0.39]
Total cost: 755200.0
assigning lease 1 to address 00000668
Average Cache Occupancy Per Bin: [0.37,0.37,0.39,0.39,0.37,0.38,0.38,0.39,0.39,0.39]
Total cost: 759552.0
assigning lease 1 to address 00000954
Average Cache Occupancy Per Bin: [0.38,0.37,0.39,0.39,0.38,0.38,0.38,0.39,0.39,0.39]
Total cost: 762880.0
assigning lease 1 to address 00000614
Average Cache Occupancy Per Bin: [0.38,0.37,0.39,0.39,0.38,0.38,0.38,0.39,0.39,0.39]
Total cost: 766976.0
assigning lease 1 to address 00000674
Average Cache Occupancy Per Bin: [0.38,0.38,0.39,0.39,0.38,0.38,0.38,0.39,0.39,0.39]
Total cost: 771328.0
assigning lease 1 to address 00000628
Average Cache Occupancy Per Bin: [0.38,0.38,0.39,0.39,0.38,0.38,0.39,0.39,0.39,0.39]
Total cost: 776704.0
assigning lease 1 to address 00000770
Average Cache Occupancy Per Bin: [0.38,0.38,0.39,0.39,0.38,0.38,0.39,0.39,0.39,0.39]
Total cost: 781056.0
assigning lease 1 to address 0000093c
Average Cache Occupancy Per Bin: [0.42,0.42,0.43,0.44,0.43,0.43,0.43,0.45,0.44,0.44]
Total cost: 861696.0
assigning lease 1 to address 00000890
Average Cache Occupancy Per Bin: [0.43,0.42,0.43,0.44,0.43,0.43,0.43,0.45,0.44,0.44]
Total cost: 864256.0
assigning lease 1 to address 00000918
Average Cache Occupancy Per Bin: [0.47,0.47,0.48,0.49,0.48,0.47,0.48,0.50,0.49,0.49]
Total cost: 959488.0
assigning lease 1 to address 00000724
Average Cache Occupancy Per Bin: [0.48,0.47,0.48,0.49,0.48,0.48,0.48,0.50,0.49,0.49]
Total cost: 963584.0
assigning lease 1 to address 00000964
Average Cache Occupancy Per Bin: [0.48,0.48,0.48,0.49,0.48,0.48,0.48,0.50,0.49,0.49]
Total cost: 967680.0
assigning lease 1 to address 00000888
Average Cache Occupancy Per Bin: [0.48,0.48,0.49,0.49,0.48,0.48,0.48,0.50,0.49,0.49]
Total cost: 971008.0
assigning lease 1 to address 00000948
Average Cache Occupancy Per Bin: [0.52,0.53,0.53,0.54,0.53,0.53,0.53,0.54,0.54,0.54]
Total cost: 1060864.0
assigning lease 1 to address 0000079c
Average Cache Occupancy Per Bin: [0.53,0.53,0.53,0.54,0.53,0.53,0.53,0.54,0.54,0.54]
Total cost: 1064192.0
assigning lease 1 to address 000007b0
Average Cache Occupancy Per Bin: [0.53,0.53,0.54,0.54,0.53,0.53,0.53,0.54,0.54,0.54]
Total cost: 1068032.0
assigning lease 1 to address 000008f0
Average Cache Occupancy Per Bin: [0.57,0.58,0.58,0.59,0.58,0.58,0.58,0.60,0.59,0.59]
Total cost: 1161984.0
assigning lease 1 to address 000007d4
Average Cache Occupancy Per Bin: [0.58,0.58,0.58,0.59,0.58,0.58,0.58,0.60,0.59,0.59]
Total cost: 1164544.0
assigning lease 1 to address 000006cc
Average Cache Occupancy Per Bin: [0.58,0.58,0.58,0.59,0.58,0.58,0.58,0.60,0.59,0.59]
Total cost: 1168896.0
assigning lease 1 to address 0000061c
Average Cache Occupancy Per Bin: [0.58,0.58,0.58,0.59,0.58,0.58,0.58,0.60,0.59,0.59]
Total cost: 1171712.0
assigning lease 1 to address 00000780
Average Cache Occupancy Per Bin: [0.58,0.58,0.59,0.59,0.58,0.58,0.58,0.60,0.59,0.59]
Total cost: 1173760.0
assigning lease 1 to address 0000074c
Average Cache Occupancy Per Bin: [0.58,0.58,0.59,0.59,0.59,0.58,0.58,0.60,0.59,0.59]
Total cost: 1176576.0
assigning lease 1 to address 000006b4
Average Cache Occupancy Per Bin: [0.58,0.58,0.59,0.59,0.59,0.58,0.58,0.60,0.59,0.59]
Total cost: 1181952.0
assigning lease 1 to address 0000095c
Average Cache Occupancy Per Bin: [0.59,0.58,0.59,0.59,0.59,0.58,0.58,0.60,0.59,0.59]
Total cost: 1184768.0
assigning lease 1 to address 000006f4
Average Cache Occupancy Per Bin: [0.59,0.58,0.59,0.59,0.59,0.58,0.58,0.60,0.59,0.59]
Total cost: 1187328.0
assigning lease 1 to address 00000700
Average Cache Occupancy Per Bin: [0.59,0.58,0.59,0.59,0.59,0.58,0.58,0.60,0.59,0.59]
Total cost: 1190400.0
assigning lease 1 to address 0000073c
Average Cache Occupancy Per Bin: [0.59,0.59,0.59,0.60,0.59,0.58,0.58,0.60,0.59,0.59]
Total cost: 1192960.0
assigning lease 1 to address 00000734
Average Cache Occupancy Per Bin: [0.59,0.59,0.59,0.60,0.59,0.58,0.58,0.60,0.59,0.59]
Total cost: 1196288.0
assigning lease 1 to address 0000064c
Average Cache Occupancy Per Bin: [0.59,0.59,0.59,0.60,0.59,0.59,0.58,0.60,0.59,0.59]
Total cost: 1199872.0
assigning lease 1 to address 000006dc
Average Cache Occupancy Per Bin: [0.59,0.59,0.59,0.60,0.59,0.59,0.59,0.60,0.59,0.59]
Total cost: 1202176.0
assigning lease 1 to address 000007e0
Average Cache Occupancy Per Bin: [0.60,0.59,0.59,0.60,0.59,0.59,0.59,0.60,0.59,0.59]
Total cost: 1204736.0
assigning lease 1 to address 00000864
Average Cache Occupancy Per Bin: [0.60,0.59,0.59,0.60,0.59,0.59,0.59,0.60,0.59,0.59]
Total cost: 1204992.0
assigning lease 1 to address 0000096c
Average Cache Occupancy Per Bin: [0.60,0.59,0.59,0.60,0.59,0.59,0.59,0.60,0.59,0.59]
Total cost: 1204992.0
assigning lease 2 to address 000007a0
Average Cache Occupancy Per Bin: [0.60,0.59,0.60,0.60,0.59,0.59,0.59,0.61,0.59,0.59]
Total cost: 1210112.0
assigning lease 2 to address 000008d0
Average Cache Occupancy Per Bin: [0.69,0.69,0.69,0.70,0.69,0.68,0.68,0.70,0.69,0.69]
Total cost: 1384192.0
assigning lease 2 to address 0000092c
Average Cache Occupancy Per Bin: [0.78,0.79,0.77,0.79,0.78,0.77,0.77,0.79,0.78,0.79]
Total cost: 1579264.0
assigning lease 2 to address 000008ac
Average Cache Occupancy Per Bin: [0.87,0.88,0.86,0.88,0.89,0.86,0.87,0.88,0.88,0.88]
Total cost: 1745664.0
assigning lease 2 to address 000006bc
Average Cache Occupancy Per Bin: [0.87,0.88,0.87,0.88,0.89,0.86,0.87,0.88,0.88,0.88]
Total cost: 1752320.0
assigning lease 2 to address 000006e4
Average Cache Occupancy Per Bin: [0.87,0.88,0.87,0.88,0.89,0.86,0.87,0.88,0.89,0.89]
Total cost: 1760000.0
assigning lease 2 to address 00000688
Average Cache Occupancy Per Bin: [0.88,0.88,0.87,0.88,0.90,0.87,0.87,0.89,0.89,0.89]
Total cost: 1766656.0
assigning lease 2 to address 000008f8
Average Cache Occupancy Per Bin: [0.97,0.97,0.96,0.98,0.98,0.97,0.98,0.98,0.98,0.98]
Total cost: 1948928.0
assigning lease 2 to address 00000630
Average Cache Occupancy Per Bin: [0.97,0.98,0.96,0.98,0.98,0.97,0.98,0.98,0.98,0.99]
Total cost: 1953024.0
assigning lease 2 to address 00000654
Average Cache Occupancy Per Bin: [0.97,0.98,0.97,0.98,0.99,0.97,0.98,0.98,0.99,0.99]
Total cost: 1962240.0
assigning lease 2 to address 00000760
Average Cache Occupancy Per Bin: [0.98,0.98,0.97,0.99,0.99,0.97,0.98,0.98,0.99,0.99]
Total cost: 1968896.0
assigning lease 2 to address 00000788
Average Cache Occupancy Per Bin: [0.98,0.98,0.97,0.99,0.99,0.97,0.99,0.98,0.99,0.99]
Total cost: 1976576.0
assigning lease 2 to address 00000714
Average Cache Occupancy Per Bin: [0.98,0.98,0.97,0.99,0.99,0.97,0.99,0.99,0.99,0.99]
Total cost: 1983232.0
assigning lease 2 to address 000007f4
Average Cache Occupancy Per Bin: [0.99,0.99,0.97,0.99,0.99,0.97,0.99,0.99,0.99,0.99]
Total cost: 1990912.0
assigning lease 2 to address 000007b4
Average Cache Occupancy Per Bin: [0.99,0.99,0.98,0.99,0.99,0.97,0.99,0.99,0.99,0.99]
Total cost: 1992960.0
assigning lease 2 to address 0000081c
Average Cache Occupancy Per Bin: [0.99,0.99,0.98,0.99,0.99,0.97,0.99,0.99,0.99,0.99]
Total cost: 1992960.0
assigning lease 8 to address 0000063c
Average Cache Occupancy Per Bin: [0.99,0.99,0.98,0.99,1.00,0.97,0.99,0.99,0.99,0.99]
Total cost: 2002176.0
assigning lease 4 to address 00000664
Average Cache Occupancy Per Bin: [1.00,1.00,0.98,1.00,1.00,0.98,0.99,0.99,1.00,0.99]
Total cost: 2012416.0
assigning lease 6 to address 00000694
Average Cache Occupancy Per Bin: [1.01,1.00,0.99,1.00,1.00,0.98,1.00,0.99,1.00,1.00]
Total cost: 2041600.0
assigning lease 8 to address 00000800
Average Cache Occupancy Per Bin: [1.03,1.01,1.00,1.00,1.01,0.99,1.01,1.00,1.00,1.01]
Total cost: 2082560.0
assigning lease 8 to address 000006c8
Average Cache Occupancy Per Bin: [1.04,1.01,1.00,1.01,1.01,0.99,1.01,1.01,1.01,1.01]
Total cost: 2103040.0
assigning lease 17 to address 00000938
Average Cache Occupancy Per Bin: [1.41,1.42,1.42,1.40,1.38,1.40,1.43,1.40,1.40,1.39]
Total cost: 2840832.0
assigning lease 3 to address 000007a8
Average Cache Occupancy Per Bin: [1.42,1.42,1.42,1.40,1.38,1.40,1.43,1.40,1.40,1.39]
Total cost: 2850816.0
assigning lease 9 to address 00000720
Average Cache Occupancy Per Bin: [1.44,1.43,1.43,1.40,1.38,1.41,1.44,1.41,1.40,1.39]
Total cost: 2894592.0
assigning lease 12 to address 000008b8
Average Cache Occupancy Per Bin: [1.86,1.94,1.92,1.93,1.93,1.97,2.01,1.94,1.91,1.89]
Total cost: 3744512.0
assigning lease 13 to address 00000884
Average Cache Occupancy Per Bin: [1.87,1.94,1.92,1.93,1.93,1.97,2.01,1.94,1.91,1.89]
Total cost: 3751168.0
assigning lease 14 to address 0000076c
Average Cache Occupancy Per Bin: [1.90,1.94,1.93,1.94,1.93,1.99,2.02,1.94,1.92,1.90]
Total cost: 3812096.0
assigning lease 17 to address 000006f0
Average Cache Occupancy Per Bin: [1.92,1.96,1.94,1.96,1.95,2.00,2.03,1.96,1.93,1.91]
Total cost: 3868672.0
assigning lease 20 to address 000008dc
Average Cache Occupancy Per Bin: [2.63,2.79,2.86,2.82,2.85,2.93,2.93,2.85,2.84,2.89]
Total cost: 5283840.0
assigning lease 1578 to address 000006f0
Average Cache Occupancy Per Bin: [2.79,2.79,2.86,3.02,2.85,3.13,2.97,2.85,2.84,2.89]
Total cost: 5606912.0
assigning lease 1553 to address 00000664
Average Cache Occupancy Per Bin: [2.79,2.86,2.86,3.02,3.01,3.31,3.06,2.85,2.86,3.22]
Total cost: 5606912.0
assigning lease 2478 to address 00000798
Average Cache Occupancy Per Bin: [3.69,3.84,4.33,4.67,4.58,4.51,3.83,4.08,3.50,3.89]
Total cost: 7400960.0
assigning lease 3498 to address 000007bc
Average Cache Occupancy Per Bin: [4.35,4.83,5.83,5.76,6.10,5.37,4.52,4.62,4.17,5.43]
Total cost: 8739584.0
assigning lease 3158 to address 000007a8
Average Cache Occupancy Per Bin: [4.77,5.19,5.87,6.62,6.98,6.21,5.34,6.34,5.09,5.43]
Total cost: 9570304.0
assigning lease 3158 to address 000008dc
Average Cache Occupancy Per Bin: [5.88,8.00,9.53,10.6,13.6,12.5,10.5,13.3,10.6,11.7]
Total cost: 11804160.0
assigning lease 3498 to address 00000904
Average Cache Occupancy Per Bin: [56.9,78.2,92.4,102.,113.,118.,104.,122.,130.,137.]
Total cost: 114124032.0
assigning lease 3578 to address 00000904
Average Cache Occupancy Per Bin: [57.2,78.5,92.8,102.,113.,118.,104.,122.,131.,137.]
Total cost: 114717952.0
assigning lease 119806 to address 000008dc
Average Cache Occupancy Per Bin: [57.2,78.5,92.8,117.,113.,118.,104.,122.,131.,137.]
Total cost: 114717952.0
addr: 00000904 ri: 318115
bin target: 256662784
	bin: 0.0 current capacity: 57.210857090991425  avg impact: 118.00909844412816
	bin: 1.0 current capacity: 78.59881167656937  avg impact: 291.26690199074596
	bin: 2.0 current capacity: 92.82055159192849  avg impact: 474.08778672018144
	bin: 3.0 current capacity: 117.35479244236672  avg impact: 646.7225632836586
	bin: 4.0 current capacity: 113.51270760002353  avg impact: 702.1415794508018
	bin: 5.0 current capacity: 118.98398246938676  avg impact: 722.7859870794513
	bin: 6.0 current capacity: 104.68193846132364  avg impact: 732.8016565112922
	bin: 7.0 current capacity: 122.92233008740371  avg impact: 858.528629378539
	bin: 8.0 current capacity: 131.04529971902744  avg impact: 1167.67091599848
	bin: 9.0 current capacity: 137.48213874279492  avg impact: 805.1188752320243
num_full_bins: 2
printing bin ranks sorted:
	bin: 9.0 rank: -0.011777315169840331
	bin: 8.0 rank: -0.002608011964075846
	bin: 7.0 rank: 0.005914386240412098
	selecting this^ bin
	bin: 5.0 rank: 0.012473979423762913
	bin: 3.0 rank: 0.016460238380401455
	bin: 4.0 rank: 0.020633007393335217
	bin: 6.0 rank: 0.03182042689380444
	bin: 2.0 rank: 0.07420450261216135
	bin: 1.0 rank: 0.1696079711968104
	bin: 0.0 rank: 0.5998617381398262
acceptable_ratio: 0.005914386240412098
Assigning 00000904 dual lease lease 318115 * 0.005914386240412098. Bin saturation: [57.9,80.3,95.6,121.,117.,123.,109.,128.,137.,142.]
Dump single leases (last one may be dual)
00000904 4daa3 percentage 0.005914386240412098
00000904 dfa percentage 0.9940856137595879
00000978 1
0000072c 1
00000944 1
00000640 1
000007a0 2
00000960 1
0000094c 1
000008b8 c
000008d0 2
00000758 1
000008c8 1
0000092c 2
000006a0 1
00000664 611
00000698 1
000008a4 1
000006a8 1
00000744 1
000008e0 1
000008bc 1
00000938 11
0000063c 8
000008dc 1d3fe
0000090c 1
00000898 1
0000060c 1
000008ac 2
00000668 1
00000954 1
000006bc 2
00000614 1
00000674 1
00000628 1
000006e4 2
00000770 1
00000688 2
00000798 9ae
0000093c 1
00000890 1
00000918 1
00000724 1
00000964 1
00000888 1
00000948 1
000008f8 2
0000079c 1
0000076c e
000007b0 1
000008f0 1
000007d4 1
00000630 2
000006cc 1
00000654 2
00000694 6
00000800 8
0000061c 1
00000780 1
0000074c 1
000006b4 1
0000095c 1
000006f4 1
00000760 2
00000788 2
00000700 1
000007a8 c56
000007bc daa
000006f0 62a
0000073c 1
00000734 1
00000714 2
00000720 9
00000884 d
0000064c 1
000007f4 2
000006dc 1
000006c8 8
000007e0 1
000007b4 2
00000864 1
0000081c 2
0000096c 1
Dump dual leases

